           0            0            0            0            0            0            0            0            0            0            0            0            0            0            0            0            0            0            0            0            0            0            0            0            0            0            0            0            0            0            0            0            0            0            0            0            0            0            0            0            0            0            0            0            0            0            0            0            0            0            0            0            0            0            0            0            0            0            0            0            0            0            0            0            0            0            0            0            0            0            0            0            0            0            0            0            0            0            0            0            0            0            0            0            0            0            0            0            0            0            0            0            0            0            0            0            0            0            0
           0   0.00029999   0.00059995   0.00089985   0.00119966   0.00149935   0.00179889   0.00209825    0.0023974   0.00269631   0.00299495   0.00329329   0.00359131   0.00388896   0.00418622   0.00448307   0.00477947   0.00507539    0.0053708   0.00566567   0.00595998   0.00625369   0.00654678   0.00683921   0.00713096     0.007422   0.00771229   0.00800181   0.00829053   0.00857842   0.00886546   0.00915161   0.00943684   0.00972113    0.0100044    0.0102868    0.0105681    0.0108483    0.0111274    0.0114055    0.0116824    0.0119581    0.0122326    0.0125059     0.012778    0.0130487    0.0133182    0.0135864    0.0138531    0.0141185    0.0143825    0.0146451    0.0149062    0.0151657    0.0154238    0.0156804    0.0159353    0.0161887    0.0164404    0.0166906     0.016939    0.0171857    0.0174308     0.017674    0.0179156    0.0181553    0.0183932    0.0186293    0.0188635    0.0190958    0.0193262    0.0195547    0.0197812    0.0200058    0.0202283    0.0204488    0.0206673    0.0208837     0.021098    0.0213102    0.0215203    0.0217283     0.021934    0.0221376    0.0223389     0.022538    0.0227349    0.0229295    0.0231218    0.0233118    0.0234994    0.0236847    0.0238677    0.0240482    0.0242263    0.0244021    0.0245753    0.0247462    0.0249145
           0   0.00059995   0.00119984   0.00179961    0.0023992   0.00299855    0.0035976   0.00419629   0.00479456   0.00539235   0.00598961   0.00658626   0.00718225   0.00777753   0.00837203   0.00896569   0.00955846    0.0101503    0.0107411    0.0113308    0.0119194    0.0125068    0.0130929    0.0136777    0.0142612    0.0148432    0.0154238    0.0160028    0.0165802     0.017156      0.01773    0.0183023    0.0188727    0.0194413    0.0200079    0.0205725     0.021135    0.0216955    0.0222537    0.0228098    0.0233635     0.023915     0.024464    0.0250106    0.0255547    0.0260962    0.0266351    0.0271714    0.0277049    0.0282357    0.0287636    0.0292887    0.0298108      0.03033    0.0308461    0.0313591     0.031869    0.0323758    0.0328792    0.0333794    0.0338763    0.0343698    0.0348598    0.0353463    0.0358293    0.0363088    0.0367846    0.0372567    0.0377251    0.0381897    0.0386505    0.0391074    0.0395604    0.0400095    0.0404546    0.0408956    0.0413325    0.0417653     0.042194    0.0426184    0.0430385    0.0434543    0.0438658    0.0442729    0.0446756    0.0450738    0.0454675    0.0458567    0.0462412    0.0466212    0.0469965    0.0473671    0.0477329     0.048094    0.0484503    0.0488017    0.0491482    0.0494898    0.0498265
           0   0.00089985   0.00179961   0.00269919    0.0035985   0.00449745   0.00539595   0.00629391   0.00719124   0.00808786   0.00898366   0.00987857    0.0107725    0.0116653     0.012557    0.0134474    0.0143365    0.0152241    0.0161102    0.0169948    0.0178776    0.0187586    0.0196377    0.0205149      0.02139     0.022263    0.0231338    0.0240022    0.0248683    0.0257318    0.0265928    0.0274512    0.0283067    0.0291595    0.0300093    0.0308562    0.0316999    0.0325405    0.0333778    0.0342118    0.0350424    0.0358695    0.0366929    0.0375127    0.0383288     0.039141    0.0399493    0.0407537    0.0415539      0.04235    0.0431418    0.0439294    0.0447125    0.0454912    0.0462653    0.0470348    0.0477996    0.0485596    0.0493148     0.050065    0.0508102    0.0515503    0.0522853    0.0530151    0.0537395    0.0544586    0.0551722    0.0558804    0.0565829    0.0572798    0.0579709    0.0586562    0.0593357    0.0600093    0.0606768    0.0613383    0.0619936    0.0626428    0.0632857    0.0639222    0.0645524    0.0651761    0.0657933    0.0664039    0.0670078    0.0676051    0.0681956    0.0687793    0.0693561     0.069926    0.0704888    0.0710447    0.0715934     0.072135    0.0726693    0.0731964    0.0737162    0.0742286    0.0747336
           0   0.00119966    0.0023992    0.0035985   0.00479744    0.0059959   0.00719376    0.0083909   0.00958721    0.0107826    0.0119768    0.0131699    0.0143616    0.0155519    0.0167407    0.0179278    0.0191131    0.0202965    0.0214778     0.022657     0.023834    0.0250085    0.0261806      0.02735    0.0285167    0.0296806    0.0308414    0.0319992    0.0331538    0.0343051     0.035453    0.0365973    0.0377379    0.0388748    0.0400078    0.0411368    0.0422616    0.0433823    0.0444986    0.0456104    0.0467177    0.0478204    0.0489182    0.0500112    0.0510991    0.0521819    0.0532596    0.0543319    0.0553987      0.05646    0.0575157    0.0585656    0.0596097    0.0606478    0.0616799    0.0627057    0.0637253    0.0647386    0.0657453    0.0667455     0.067739    0.0687258    0.0697056    0.0706785    0.0716443     0.072603    0.0735544    0.0744984     0.075435    0.0763641    0.0772855    0.0781992    0.0791051     0.080003     0.080893    0.0817748    0.0826485     0.083514     0.084371    0.0852197    0.0860598    0.0868913    0.0877141    0.0885282    0.0893333    0.0901296    0.0909169     0.091695     0.092464    0.0932237    0.0939742    0.0947152    0.0954467    0.0961687    0.0968811    0.0975838    0.0982768    0.0989599    0.0996331
           0   0.00149935   0.00299855   0.00449745    0.0059959   0.00749375   0.00899085    0.0104871    0.0119822    0.0134762    0.0149688    0.0164599    0.0179494     0.019437    0.0209227    0.0224064    0.0238878    0.0253668    0.0268432     0.028317     0.029788     0.031256    0.0327208    0.0341824    0.0356405    0.0370951     0.038546     0.039993    0.0414361     0.042875    0.0443096    0.0457397    0.0471653    0.0485862    0.0500022    0.0514132    0.0528191    0.0542197    0.0556149    0.0570045    0.0583884    0.0597665    0.0611386    0.0625046    0.0638643    0.0652176    0.0665645    0.0679046     0.069238    0.0705645    0.0718839    0.0731961     0.074501    0.0757984    0.0770883    0.0783704    0.0796447    0.0809111    0.0821693    0.0834194    0.0846611    0.0858943     0.087119    0.0883349     0.089542    0.0907401    0.0919292    0.0931091    0.0942797    0.0954408    0.0965924    0.0977343    0.0988665    0.0999888     0.101101     0.102203     0.103295     0.104377     0.105448     0.106509     0.107559     0.108598     0.109626     0.110644      0.11165     0.112645     0.113629     0.114602     0.115563     0.116512      0.11745     0.118376     0.119291     0.120193     0.121083     0.121961     0.122828     0.123681     0.124523
           0   0.00179889    0.0035976   0.00539595   0.00719376   0.00899085     0.010787    0.0125822     0.014376    0.0161684    0.0179592    0.0197482    0.0215353    0.0233201    0.0251027    0.0268827    0.0286601    0.0304346     0.032206    0.0339742     0.035739    0.0375003    0.0392578    0.0410113    0.0427608     0.044506    0.0462467    0.0479829    0.0497142    0.0514405    0.0531617    0.0548776     0.056588    0.0582928    0.0599917    0.0616846    0.0633713    0.0650517    0.0667256    0.0683929    0.0700533    0.0717066    0.0733529    0.0749917    0.0766231    0.0782468    0.0798627    0.0814706    0.0830704    0.0846618    0.0862448    0.0878192    0.0893848    0.0909414     0.092489    0.0940273    0.0955562    0.0970755    0.0985851     0.100085     0.101575     0.103054     0.104524     0.105982     0.107431     0.108868     0.110295      0.11171     0.113115     0.114508      0.11589      0.11726     0.118618     0.119965     0.121299     0.122621     0.123931     0.125229     0.126514     0.127787     0.129047     0.130293     0.131527     0.132748     0.133955     0.135149      0.13633     0.137497      0.13865     0.139789     0.140914     0.142025     0.143122     0.144205     0.145273     0.146327     0.147366      0.14839       0.1494
           0   0.00209825   0.00419629   0.00629391    0.0083909    0.0104871    0.0125822     0.014676    0.0167684    0.0188591    0.0209479    0.0230346     0.025119    0.0272009    0.0292801    0.0313564    0.0334295    0.0354993    0.0375655     0.039628    0.0416865    0.0437408    0.0457908    0.0478362    0.0498768    0.0519124    0.0539428    0.0559679    0.0579873    0.0600009    0.0620086      0.06401     0.066005    0.0679935    0.0699751    0.0719497    0.0739172    0.0758772    0.0778297    0.0797744    0.0817111    0.0836396    0.0855598    0.0874714    0.0893743    0.0912682     0.093153    0.0950285    0.0968945    0.0987507     0.100597     0.102434      0.10426     0.106075      0.10788     0.109675     0.111458      0.11323     0.114991      0.11674     0.118478     0.120204     0.121918     0.123619     0.125309     0.126985     0.128649     0.130301     0.131939     0.133564     0.135175     0.136773     0.138358     0.139928     0.141485     0.143027     0.144555     0.146069     0.147568     0.149052     0.150522     0.151976     0.153415     0.154839     0.156247      0.15764     0.159017     0.160378     0.161723     0.163052     0.164364      0.16566      0.16694     0.168203     0.169449     0.170678      0.17189     0.173085     0.174262
           0    0.0023974   0.00479456   0.00719124   0.00958721    0.0119822     0.014376    0.0167684    0.0191591    0.0215479    0.0239345    0.0263187    0.0287003     0.031079    0.0334546    0.0358269    0.0381956    0.0405605    0.0429213    0.0452778    0.0476298     0.049977    0.0523193    0.0546563    0.0569878    0.0593136    0.0616335    0.0639473    0.0662546    0.0685554    0.0708492     0.073136    0.0754155    0.0776874    0.0799516    0.0822077    0.0844557    0.0866952     0.088926    0.0911479    0.0933607    0.0955642    0.0977582    0.0999423     0.102116      0.10428     0.106434     0.108577     0.110709      0.11283     0.114939     0.117038     0.119124     0.121199     0.123261     0.125311     0.127349     0.129374     0.131385     0.133384      0.13537     0.137342       0.1393     0.141244     0.143174      0.14509     0.146991     0.148878     0.150749     0.152606     0.154447     0.156273     0.158084     0.159878     0.161657     0.163419     0.165165     0.166894     0.168607     0.170303     0.171982     0.173644     0.175288     0.176915     0.178524     0.180115     0.181688     0.183243      0.18478     0.186298     0.187798     0.189279     0.190741     0.192184     0.193607     0.195012     0.196396     0.197761     0.199107
           0   0.00269631   0.00539235   0.00808786    0.0107826    0.0134762    0.0161684    0.0188591    0.0215479    0.0242345    0.0269186    0.0296001    0.0322787     0.034954    0.0376258    0.0402938    0.0429579    0.0456176    0.0482728    0.0509231    0.0535683    0.0562082    0.0588425    0.0614709    0.0640931    0.0667089    0.0693181    0.0719203    0.0745153    0.0771029    0.0796828    0.0822547    0.0848184    0.0873736      0.08992    0.0924575    0.0949857    0.0975044     0.100013     0.102512     0.105001     0.107479     0.109947     0.112403     0.114848     0.117282     0.119704     0.122114     0.124512     0.126898      0.12927      0.13163     0.133977      0.13631     0.138629     0.140935     0.143227     0.145504     0.147767     0.150015     0.152248     0.154465     0.156668     0.158854     0.161025      0.16318     0.165318      0.16744     0.169545     0.171633     0.173704     0.175758     0.177794     0.179812     0.181812     0.183794     0.185758     0.187703     0.189629     0.191537     0.193425     0.195294     0.197143     0.198973     0.200782     0.202572     0.204341      0.20609     0.207819     0.209526     0.211213     0.212878     0.214523     0.216145     0.217746     0.219326     0.220883     0.222419     0.223932
           0   0.00299495   0.00598961   0.00898366    0.0119768    0.0149688    0.0179592    0.0209479    0.0239345    0.0269186    0.0299001    0.0328786    0.0358538    0.0388255    0.0417932    0.0447568    0.0477158    0.0506702    0.0536194    0.0565633    0.0595015    0.0624338    0.0653598    0.0682793     0.071192    0.0740975    0.0769957    0.0798861    0.0827686    0.0856428    0.0885084    0.0913651    0.0942128     0.097051    0.0998795     0.102698     0.105506     0.108304     0.111091     0.113867     0.116631     0.119384     0.122124     0.124853     0.127569     0.130272     0.132963      0.13564     0.138303     0.140953     0.143588     0.146209     0.148816     0.151407     0.153984     0.156545      0.15909      0.16162     0.164133      0.16663     0.169111     0.171574      0.17402     0.176449      0.17886     0.181253     0.183629     0.185985     0.188324     0.190643     0.192943     0.195224     0.197486     0.199728     0.201949     0.204151     0.206332     0.208493     0.210632     0.212751     0.214848     0.216924     0.218978     0.221011     0.223021     0.225009     0.226974     0.228917     0.230836     0.232733     0.234607     0.236457     0.238283     0.240085     0.241864     0.243618     0.245348     0.247053     0.248734
           0   0.00329329   0.00658626   0.00987857    0.0131699    0.0164599    0.0197482    0.0230346    0.0263187    0.0296001    0.0328786    0.0361538    0.0394254     0.042693    0.0459564    0.0492152     0.052469    0.0557177    0.0589607    0.0621978    0.0654287    0.0686531    0.0718706     0.075081    0.0782838    0.0814788    0.0846656     0.087844    0.0910136     0.094174    0.0973251     0.100466     0.103598     0.106719     0.109829     0.112928     0.116016     0.119093     0.122157     0.125209     0.128249     0.131276      0.13429      0.13729     0.140277     0.143249     0.146208     0.149151      0.15208     0.154994     0.157892     0.160774      0.16364      0.16649     0.169323     0.172139     0.174938      0.17772     0.180483     0.183229     0.185956     0.188665     0.191355     0.194026     0.196677     0.199309     0.201921     0.204512     0.207083     0.209634     0.212163     0.214672     0.217158     0.219623     0.222067     0.224487     0.226886     0.229262     0.231614     0.233944      0.23625     0.238533     0.240792     0.243027     0.245237     0.247423     0.249584      0.25172     0.253831     0.255917     0.257977     0.260011     0.262019     0.264001     0.265957     0.267886     0.269788     0.271664     0.273512
           0   0.00359131   0.00718225    0.0107725    0.0143616    0.0179494    0.0215353     0.025119    0.0287003    0.0322787    0.0358538    0.0394254     0.042993    0.0465564     0.050115    0.0536687     0.057217    0.0607596    0.0642961    0.0678261    0.0713494    0.0748656    0.0783742    0.0818751    0.0853677    0.0888518     0.092327     0.095793    0.0992494     0.102696     0.106132     0.109558     0.112972     0.116376     0.119767     0.123147     0.126515     0.129869     0.133211      0.13654     0.139854     0.143155     0.146442     0.149714      0.15297     0.156212     0.159438     0.162648     0.165842     0.169019     0.172179     0.175322     0.178448     0.181556     0.184645     0.187716     0.190768     0.193802     0.196815      0.19981     0.202784     0.205738     0.208671     0.211583     0.214475     0.217345     0.220193     0.223019     0.225823     0.228604     0.231362     0.234097     0.236809     0.239497     0.242161     0.244801     0.247417     0.250008     0.252573     0.255114     0.257629     0.260118     0.262581     0.265018     0.267429     0.269812     0.272169     0.274499     0.276801     0.279075     0.281321      0.28354      0.28573     0.287891     0.290024     0.292127     0.294202     0.296247     0.298262
           0   0.00388896   0.00777753    0.0116653    0.0155519     0.019437    0.0233201    0.0272009     0.031079     0.034954    0.0388255     0.042693    0.0465564     0.050415    0.0542687    0.0581169    0.0619592    0.0657954     0.069625    0.0734477     0.077263    0.0810706      0.08487     0.088661    0.0924431     0.096216    0.0999793     0.103733     0.107475     0.111208     0.114929     0.118638     0.122336     0.126021     0.129694     0.133354        0.137     0.140633     0.144252     0.147856     0.151446      0.15502     0.158579     0.162122     0.165649     0.169159     0.172652     0.176129     0.179587     0.183028      0.18645     0.189853     0.193238     0.196603     0.199949     0.203274      0.20658     0.209864     0.213128      0.21637     0.219591      0.22279     0.225966      0.22912     0.232251     0.235358     0.238443     0.241503     0.244539     0.247551     0.250538       0.2535     0.256436     0.259347     0.262232     0.265091     0.267923     0.270729     0.273507     0.276258     0.278982     0.281677     0.284344     0.286983     0.289594     0.292175     0.294727     0.297249     0.299742     0.302205     0.304638      0.30704     0.309411     0.311752     0.314061     0.316339     0.318586       0.3208     0.322982
           0   0.00418622   0.00837203     0.012557    0.0167407    0.0209227    0.0251027    0.0292801    0.0334546    0.0376258    0.0417932    0.0459564     0.050115    0.0542687    0.0584168    0.0625592    0.0666953    0.0708247     0.074947    0.0790619    0.0831688    0.0872674    0.0913573    0.0954381    0.0995093     0.103571     0.107621     0.111662     0.115691     0.119708     0.123713     0.127706     0.131687     0.135654     0.139607     0.143547     0.147472     0.151383     0.155278     0.159158     0.163022      0.16687       0.1707     0.174514     0.178311     0.182089      0.18585     0.189591     0.193314     0.197018     0.200702     0.204365     0.208009     0.211631     0.215232     0.218812      0.22237     0.225906     0.229419     0.232909     0.236376     0.239819     0.243238     0.246633     0.250004     0.253349     0.256669     0.259963     0.263231     0.266473     0.269688     0.272877     0.276038     0.279171     0.282277     0.285354     0.288403     0.291423     0.294413     0.297375     0.300306     0.303208     0.306079      0.30892     0.311729     0.314508     0.317255     0.319971     0.322654     0.325305     0.327924     0.330509     0.333062     0.335582     0.338068      0.34052     0.342938     0.345321     0.347671
           0   0.00448307   0.00896569    0.0134474    0.0179278    0.0224064    0.0268827    0.0313564    0.0358269    0.0402938    0.0447568    0.0492152    0.0536687    0.0581169    0.0625592    0.0669953    0.0714246    0.0758469    0.0802615    0.0846682    0.0890663    0.0934556    0.0978355     0.102206     0.106566     0.110915     0.115253      0.11958     0.123894     0.128196     0.132486     0.136762     0.141025     0.145273     0.149507     0.153726      0.15793     0.162117     0.166289     0.170444     0.174582     0.178702     0.182805     0.186889     0.190955     0.195001     0.199028     0.203035     0.207022     0.210988     0.214933     0.218857     0.222759     0.226638     0.230495     0.234328     0.238138     0.241925     0.245687     0.249425     0.253137     0.256825     0.260486     0.264122     0.267731     0.271314     0.274869     0.278397     0.281897     0.285369     0.288812     0.292226     0.295612     0.298967     0.302293     0.305588     0.308853     0.312087      0.31529     0.318462     0.321601     0.324708     0.327783     0.330825     0.333834      0.33681     0.339752      0.34266     0.345533     0.348372     0.351177     0.353946      0.35668     0.359378      0.36204     0.364666     0.367255     0.369808     0.372324
           0   0.00477947   0.00955846    0.0143365    0.0191131    0.0238878    0.0286601    0.0334295    0.0381956    0.0429579    0.0477158     0.052469     0.057217    0.0619592    0.0666953    0.0714246    0.0761469    0.0808615     0.085568     0.090266    0.0949549    0.0996344     0.104304     0.108963     0.113611     0.118248     0.122873     0.127486     0.132085     0.136672     0.141245     0.145804     0.150349     0.154878     0.159392      0.16389     0.168371     0.172836     0.177283     0.181713     0.186124     0.190517     0.194891     0.199245      0.20358     0.207894     0.212187     0.216459     0.220709     0.224938     0.229144     0.233327     0.237486     0.241622     0.245734     0.249821     0.253883      0.25792     0.261931     0.265915     0.269873     0.273805     0.277708     0.281584     0.285432     0.289252     0.293042     0.296803     0.300535     0.304236     0.307907     0.311547     0.315156     0.318733     0.322279     0.325792     0.329273     0.332721     0.336136     0.339517     0.342864     0.346176     0.349455     0.352698     0.355906     0.359078     0.362214     0.365315     0.368378     0.371405     0.374395     0.377347     0.380261     0.383138     0.385976     0.388776     0.391536     0.394258      0.39694
           0   0.00507539    0.0101503    0.0152241    0.0202965    0.0253668    0.0304346    0.0354993    0.0405605    0.0456176    0.0506702    0.0557177    0.0607596    0.0657954    0.0708247    0.0758469    0.0808615     0.085868    0.0908659    0.0958548     0.100834     0.105803     0.110762     0.115709     0.120645     0.125569      0.13048     0.135379     0.140263     0.145134      0.14999     0.154832     0.159657     0.164467      0.16926     0.174037     0.178796     0.183537      0.18826     0.192964     0.197648     0.202313     0.206958     0.211582     0.216184     0.220765     0.225325     0.229861     0.234375     0.238865     0.243331     0.247773      0.25219     0.256582     0.260948     0.265288     0.269602     0.273889     0.278148     0.282379     0.286583     0.290757     0.294903     0.299019     0.303105     0.307161     0.311186      0.31518     0.319142     0.323073     0.326971     0.330836     0.334669     0.338468     0.342233     0.345964      0.34966     0.353321     0.356947     0.360538     0.364092      0.36761     0.371091     0.374535     0.377941      0.38131     0.384641     0.387933     0.391186       0.3944     0.397575      0.40071     0.403805      0.40686     0.409874     0.412847     0.415778     0.418668     0.421516
           0    0.0053708    0.0107411    0.0161102    0.0214778    0.0268432     0.032206    0.0375655    0.0429213    0.0482728    0.0536194    0.0589607    0.0642961     0.069625     0.074947    0.0802615     0.085568    0.0908659    0.0961548     0.101434     0.106703     0.111961     0.117209     0.122444     0.127667     0.132878     0.138075     0.143258     0.148428     0.153582     0.158721     0.163844      0.16895      0.17404     0.179112     0.184167     0.189203      0.19422     0.199217     0.204195     0.209152     0.214089     0.219004     0.223897     0.228767     0.233615      0.23844      0.24324     0.248016     0.252768     0.257494     0.262194     0.266869     0.271516     0.276137     0.280729     0.285294      0.28983     0.294337     0.298815     0.303263     0.307681     0.312067     0.316423     0.320747     0.325039     0.329298     0.333525     0.337718     0.341877     0.346002     0.350093     0.354148     0.358168     0.362152       0.3661     0.370012     0.373886     0.377723     0.381523     0.385284     0.389006      0.39269     0.396335     0.399939     0.403504     0.407029     0.410512     0.413955     0.417356     0.420716     0.424034     0.427309     0.430541      0.43373     0.436876     0.439979     0.443037     0.446051
           0   0.00566567    0.0113308    0.0169948     0.022657     0.028317    0.0339742     0.039628    0.0452778    0.0509231    0.0565633    0.0621978    0.0678261    0.0734477    0.0790619    0.0846682     0.090266    0.0958548     0.101434     0.107003     0.112561     0.118109     0.123644     0.129167     0.134677     0.140173     0.145656     0.151124     0.156577     0.162014     0.167435     0.172839     0.178226     0.183595     0.188946     0.194278      0.19959     0.204883     0.210155     0.215406     0.220635     0.225843     0.231028     0.236189     0.241327     0.246441     0.251531     0.256595     0.261633     0.266646     0.271631      0.27659     0.281521     0.286423     0.291297     0.296142     0.300958     0.305743     0.310498     0.315221     0.319913     0.324573     0.329201     0.333796     0.338357     0.342885     0.347378     0.351836     0.356259     0.360647     0.364999     0.369314     0.373592     0.377833     0.382036     0.386201     0.390327     0.394414     0.398462      0.40247     0.406437     0.410364      0.41425     0.418095     0.421897     0.425658     0.429376     0.433051     0.436683     0.440271     0.443815     0.447314     0.450769     0.454179     0.457544     0.460862     0.464135     0.467361      0.47054
           0   0.00595998    0.0119194    0.0178776     0.023834     0.029788     0.035739    0.0416865    0.0476298    0.0535683    0.0595015    0.0654287    0.0713494     0.077263    0.0831688    0.0890663    0.0949549     0.100834     0.106703     0.112561     0.118409     0.124244     0.130067     0.135876     0.141673     0.147455     0.153222     0.158974      0.16471      0.17043     0.176132     0.181817     0.187484     0.193132     0.198761      0.20437     0.209958     0.215526     0.221072     0.226595     0.232096     0.237574     0.243028     0.248458     0.253863     0.259243     0.264597     0.269924     0.275224     0.280497     0.285741     0.290958     0.296145     0.301302     0.306429     0.311526     0.316591     0.321625     0.326627     0.331596     0.336531     0.341434     0.346302     0.351135     0.355933     0.360696     0.365423     0.370113     0.374766     0.379381     0.383959     0.388498     0.392999      0.39746     0.401881     0.406262     0.410603     0.414902      0.41916     0.423376      0.42755     0.431681     0.435769     0.439813     0.443813     0.447769      0.45168     0.455546     0.459367     0.463141     0.466869     0.470551     0.474185     0.477772     0.481311     0.484802     0.488245     0.491638     0.494983
           0   0.00625369    0.0125068    0.0187586    0.0250085     0.031256    0.0375003    0.0437408     0.049977    0.0562082    0.0624338    0.0686531    0.0748656    0.0810706    0.0872674    0.0934556    0.0996344     0.105803     0.111961     0.118109     0.124244     0.130367     0.136476     0.142573     0.148654     0.154721     0.160773     0.166808     0.172827     0.178829     0.184812     0.190777     0.196724      0.20265     0.208556     0.214441     0.220305     0.226147     0.231966     0.237762     0.243534     0.249282     0.255005     0.260703     0.266374     0.272019     0.277636     0.283226     0.288787      0.29432     0.299823     0.305296     0.310739      0.31615      0.32153     0.326878     0.332193     0.337475     0.342723     0.347937     0.353116      0.35826     0.363368     0.368439     0.373474     0.378471     0.383431     0.388352     0.393234     0.398077     0.402881     0.407644     0.412366     0.417047     0.421686     0.426283     0.430837     0.435349     0.439817     0.444241      0.44862     0.452954     0.457244     0.461487     0.465685     0.469836     0.473939     0.477996     0.482004     0.485965     0.489877      0.49374     0.497553     0.501317      0.50503     0.508694     0.512306     0.515867     0.519376
           0   0.00654678    0.0130929    0.0196377    0.0261806    0.0327208    0.0392578    0.0457908    0.0523193    0.0588425    0.0653598    0.0718706    0.0783742      0.08487    0.0913573    0.0978355     0.104304     0.110762     0.117209     0.123644     0.130067     0.136476     0.142873     0.149254     0.155621     0.161973     0.168308     0.174626     0.180927      0.18721     0.193474     0.199718     0.205943     0.212147      0.21833     0.224491      0.23063     0.236746     0.242838     0.248905     0.254948     0.260965     0.266956     0.272921     0.278858     0.284767     0.290648       0.2965     0.302322     0.308114     0.313875     0.319604     0.325302     0.330967     0.336599     0.342198     0.347762     0.353291     0.358785     0.364243     0.369665      0.37505     0.380397     0.385707     0.390977     0.396209     0.401401     0.406553     0.411664     0.416734     0.421762     0.426748     0.431692     0.436592     0.441449     0.446261     0.451029     0.455752     0.460429      0.46506     0.469645     0.474183     0.478673     0.483115      0.48751     0.491855     0.496151     0.500398     0.504594      0.50874     0.512835     0.516879     0.520872     0.524812     0.528699     0.532534     0.536316     0.540043     0.543717
           0   0.00683921    0.0136777    0.0205149      0.02735    0.0341824    0.0410113    0.0478362    0.0546563    0.0614709    0.0682793     0.075081    0.0818751     0.088661    0.0954381     0.102206     0.108963     0.115709     0.122444     0.129167     0.135876     0.142573     0.149254     0.155921     0.162573     0.169208     0.175826     0.182426     0.189009     0.195572     0.202116      0.20864     0.215142     0.221624     0.228083     0.234519     0.240932     0.247321     0.253685     0.260023     0.266336     0.272622     0.278881     0.285112     0.291314     0.297487     0.303631     0.309744     0.315826     0.321876     0.327895      0.33388     0.339833     0.345751     0.351634     0.357483     0.363296     0.369072     0.374811     0.380513     0.386177     0.391803     0.397389     0.402935     0.408441     0.413907     0.419331     0.424713     0.430052     0.435349     0.440601      0.44581     0.450975     0.456094     0.461167     0.466195     0.471176      0.47611     0.480996     0.485834     0.490623     0.495364     0.500054     0.504695     0.509286     0.513825     0.518313     0.522749     0.527133     0.531465     0.535743     0.539967     0.544138     0.548254     0.552315     0.556321     0.560272     0.564166     0.568004
           0   0.00713096    0.0142612      0.02139    0.0285167    0.0356405    0.0427608    0.0498768    0.0569878    0.0640931     0.071192    0.0782838    0.0853677    0.0924431    0.0995093     0.106566     0.113611     0.120645     0.127667     0.134677     0.141673     0.148654     0.155621     0.162573     0.169508     0.176426     0.183326     0.190208     0.197071     0.203915     0.210738      0.21754      0.22432     0.231078     0.237812     0.244523      0.25121     0.257871     0.264506     0.271115     0.277697     0.284251     0.290777     0.297274     0.303741     0.310177     0.316583     0.322957     0.329298     0.335607     0.341882     0.348123     0.354329       0.3605     0.366634     0.372732     0.378793     0.384816       0.3908     0.396745     0.402651     0.408516     0.414341     0.420124     0.425865     0.431563     0.437218      0.44283     0.448397      0.45392     0.459397     0.464828     0.470212      0.47555      0.48084     0.486082     0.491275      0.49642     0.501514     0.506559     0.511552     0.516495     0.521386     0.526225     0.531011     0.535744     0.540424     0.545049      0.54962     0.554136     0.558597     0.563001      0.56735     0.571641     0.575876     0.580053     0.584172     0.588233     0.592234
           0     0.007422    0.0148432     0.022263    0.0296806    0.0370951     0.044506    0.0519124    0.0593136    0.0667089    0.0740975    0.0814788    0.0888518     0.096216     0.103571     0.110915     0.118248     0.125569     0.132878     0.140173     0.147455     0.154721     0.161973     0.169208     0.176426     0.183626     0.190808     0.197971     0.205114     0.212237     0.219339     0.226418     0.233475     0.240509     0.247518     0.254503     0.261462     0.268395     0.275302      0.28218     0.289031     0.295853     0.302645     0.309406     0.316137     0.322837     0.329504     0.336138     0.342738     0.349304     0.355835     0.362331      0.36879     0.375213     0.381598     0.387945     0.394253     0.400521      0.40675     0.412938     0.419084     0.425189     0.431251      0.43727     0.443246     0.449177     0.455063     0.460903     0.466698     0.472445     0.478146     0.483799     0.489403     0.494959     0.500464      0.50592     0.511326      0.51668     0.521982     0.527233      0.53243     0.537575     0.542665     0.547701     0.552683     0.557609      0.56248     0.567294     0.572052     0.576752     0.581395     0.585979     0.590505     0.594972     0.599379     0.603727     0.608014      0.61224     0.616405
           0   0.00771229    0.0154238    0.0231338    0.0308414     0.038546    0.0462467    0.0539428    0.0616335    0.0693181    0.0769957    0.0846656     0.092327    0.0999793     0.107621     0.115253     0.122873      0.13048     0.138075     0.145656     0.153222     0.160773     0.168308     0.175826     0.183326     0.190808     0.198271     0.205714     0.213137     0.220538     0.227917     0.235274     0.242607     0.249915     0.257199     0.264457     0.271689     0.278893     0.286069     0.293217     0.300336     0.307424     0.314482     0.321508     0.328502     0.335464     0.342391     0.349285     0.356143     0.362966     0.369753     0.376503     0.383215     0.389888     0.396523     0.403118     0.409673     0.416187     0.422659     0.429089     0.435476     0.441819     0.448119     0.454373     0.460582     0.466745     0.472861      0.47893     0.484951     0.490924     0.496848     0.502721     0.508545     0.514318     0.520039     0.525708     0.531325     0.536888     0.542398     0.547854     0.553255       0.5586      0.56389     0.569123       0.5743     0.579419      0.58448     0.589482     0.594426      0.59931     0.604134     0.608898     0.613601     0.618243     0.622822      0.62734     0.631795     0.636186     0.640514
           0   0.00800181    0.0160028    0.0240022    0.0319992     0.039993    0.0479829    0.0559679    0.0639473    0.0719203    0.0798861     0.087844     0.095793     0.103733     0.111662      0.11958     0.127486     0.135379     0.143258     0.151124     0.158974     0.166808     0.174626     0.182426     0.190208     0.197971     0.205714     0.213437     0.221138     0.228817     0.236474     0.244106     0.251714     0.259297     0.266854     0.274385     0.281888     0.289363     0.296808     0.304225      0.31161     0.318965     0.326288     0.333578     0.340834     0.348057     0.355245     0.362397     0.369513     0.376592     0.383634     0.390637     0.397601     0.404525     0.411409     0.418251     0.425052      0.43181     0.438526     0.445197     0.451824     0.458405     0.464941      0.47143     0.477872     0.484267     0.490613     0.496909     0.503157     0.509353     0.515499     0.521594     0.527636     0.533625     0.539561     0.545443     0.551271     0.557043      0.56276     0.568421     0.574024      0.57957     0.585059     0.590488     0.595859      0.60117     0.606421     0.611612     0.616741     0.621808     0.626814     0.631756     0.636636     0.641452     0.646203      0.65089     0.655512     0.660069     0.664559
           0   0.00829053    0.0165802    0.0248683    0.0331538    0.0414361    0.0497142    0.0579873    0.0662546    0.0745153    0.0827686    0.0910136    0.0992494     0.107475     0.115691     0.123894     0.132085     0.140263     0.148428     0.156577      0.16471     0.172827     0.180927     0.189009     0.197071     0.205114     0.213137     0.221138     0.229117     0.237074     0.245006     0.252914     0.260797     0.268653     0.276483     0.284285     0.292059     0.299803     0.307518     0.315202     0.322854     0.330474     0.338061     0.345614     0.353132     0.360616     0.368063     0.375473     0.382846      0.39018     0.397476     0.404732     0.411947     0.419121     0.426253     0.433343     0.440389     0.447391     0.454349     0.461261     0.468126     0.474945     0.481717      0.48844     0.495115      0.50174     0.508315     0.514839     0.521312     0.527732       0.5341     0.540414     0.546674      0.55288      0.55903     0.565124     0.571162     0.577143     0.583066      0.58893     0.594736     0.600483     0.606169     0.611795     0.617359     0.622862     0.628302      0.63368     0.638994     0.644245      0.64943     0.654551     0.659607     0.664597      0.66952     0.674376     0.679165     0.683885     0.688538
           0   0.00857842     0.017156    0.0257318    0.0343051     0.042875    0.0514405    0.0600009    0.0685554    0.0771029    0.0856428     0.094174     0.102696     0.111208     0.119708     0.128196     0.136672     0.145134     0.153582     0.162014      0.17043     0.178829      0.18721     0.195572     0.203915     0.212237     0.220538     0.228817     0.237074     0.245306     0.253514     0.261697     0.269853     0.277982     0.286084     0.294157     0.302201     0.310214     0.318197     0.326147     0.334065      0.34195       0.3498     0.357615     0.365395     0.373138     0.380844     0.388512      0.39614      0.40373     0.411278     0.418786     0.426252     0.433675     0.441055     0.448391     0.455682     0.462927     0.470126     0.477278     0.484382     0.491438     0.498445     0.505402     0.512308     0.519163     0.525966     0.532717     0.539414     0.546058     0.552646      0.55918     0.565658     0.572079     0.578442     0.584748     0.590996     0.597184     0.603313     0.609381     0.615389     0.621335     0.627218     0.633039     0.638797     0.644491      0.65012     0.655685     0.661183     0.666616     0.671982     0.677281     0.682512     0.687675     0.692769     0.697794     0.702749     0.707634     0.712448
           0   0.00886546      0.01773    0.0265928     0.035453    0.0443096    0.0531617    0.0620086    0.0708492    0.0796828    0.0885084    0.0973251     0.106132     0.114929     0.123713     0.132486     0.141245      0.14999     0.158721     0.167435     0.176132     0.184812     0.193474     0.202116     0.210738     0.219339     0.227917     0.236474     0.245006     0.253514     0.261997     0.270453     0.278882     0.287284     0.295657        0.304     0.312312     0.320594     0.328843      0.33706     0.345243     0.353391     0.361504     0.369581     0.377621     0.385623     0.393587     0.401511     0.409395     0.417238      0.42504     0.432799     0.440514     0.448186     0.455813     0.463394     0.470929     0.478417     0.485856     0.493248      0.50059     0.507882     0.515123     0.522313      0.52945     0.536534     0.543565     0.550542     0.557463     0.564329     0.571138      0.57789     0.584584      0.59122     0.597797     0.604314     0.610771     0.617166       0.6235     0.629771      0.63598     0.642124     0.648205     0.654221     0.660171     0.666056     0.671873     0.677624     0.683307     0.688921     0.694467     0.699943     0.705349     0.710685     0.715949     0.721142     0.726263     0.731311     0.736286
