           0            0            0            0            0            0            0            0            0            0            0            0            0            0            0            0            0            0            0            0            0            0            0            0            0            0            0            0            0            0            0            0            0            0            0            0            0            0            0            0            0            0            0            0            0            0            0            0            0            0            0            0            0            0            0            0            0            0            0            0            0            0            0            0            0            0            0            0            0            0            0            0            0            0            0            0            0            0            0            0            0            0            0            0            0            0            0            0            0            0            0            0            0            0            0            0            0            0            0            0
           0  0.000999967   0.00199983    0.0029995   0.00399887   0.00499783    0.0059963   0.00699417   0.00799134   0.00898771   0.00998318    0.0109776     0.011971    0.0129632    0.0139541    0.0149436    0.0159316     0.016918    0.0179027    0.0188856    0.0198666    0.0208456    0.0218226    0.0227974    0.0237699      0.02474    0.0257076    0.0266727    0.0276351    0.0285947    0.0295515    0.0305054    0.0314561    0.0324038    0.0333482    0.0342892    0.0352268    0.0361609    0.0370914    0.0380182    0.0389412    0.0398603    0.0407754    0.0416864    0.0425932    0.0434958    0.0443941    0.0452879    0.0461771    0.0470618    0.0479418    0.0488169    0.0496872    0.0505525    0.0514127    0.0522679    0.0531177    0.0539623    0.0548015    0.0556352    0.0564633    0.0572858    0.0581025    0.0589135    0.0597185    0.0605176    0.0613107    0.0620976    0.0628783    0.0636527    0.0644207    0.0651823    0.0659374    0.0666859    0.0674277    0.0681627     0.068891    0.0696124    0.0703268    0.0710341    0.0717344    0.0724275    0.0731134    0.0737919    0.0744631    0.0751268     0.075783    0.0764316    0.0770726    0.0777059    0.0783314    0.0789491    0.0795588    0.0801607    0.0807545    0.0813402    0.0819178    0.0824872    0.0830484    0.0836012
           0   0.00199983   0.00399947    0.0059987   0.00799733   0.00999517     0.011992    0.0139876    0.0159819    0.0179745    0.0199654    0.0219542    0.0239408    0.0259251    0.0279068    0.0298856    0.0318615    0.0338342    0.0358035    0.0377693    0.0397312    0.0416892     0.043643    0.0455925    0.0475374    0.0494775    0.0514127    0.0533427    0.0552674    0.0571866    0.0591001    0.0610077    0.0629091    0.0648043     0.066693     0.068575    0.0704501    0.0723183    0.0741791    0.0760326    0.0778785    0.0797166    0.0815467    0.0833686    0.0851822    0.0869873    0.0887837    0.0905712    0.0923497    0.0941189    0.0958787    0.0976289    0.0993694       0.1011      0.10282      0.10453      0.10623     0.107919     0.109597     0.111265     0.112921     0.114566     0.116199     0.117821     0.119431     0.121029     0.122615     0.124189      0.12575     0.127299     0.128835     0.130358     0.131868     0.133365     0.134849     0.136319     0.137775     0.139218     0.140647     0.142061     0.143462     0.144848     0.146219     0.147576     0.148919     0.150246     0.151558     0.152856     0.154137     0.155404     0.156655      0.15789      0.15911     0.160313     0.161501     0.162672     0.163827     0.164966     0.166088     0.167194
           0    0.0029995    0.0059987    0.0089973     0.011995    0.0149915    0.0179865    0.0209797    0.0239708    0.0269595    0.0299455    0.0329286    0.0359083    0.0388844    0.0418567    0.0448247    0.0477883    0.0507471    0.0537008    0.0566492    0.0595919    0.0625286    0.0654591     0.068383    0.0713001    0.0742101    0.0771126    0.0800074    0.0828943    0.0857728    0.0886428    0.0915039    0.0943558    0.0971983     0.100031     0.102854     0.105666     0.108468     0.111259     0.114039     0.116808     0.119565      0.12231     0.125042     0.127763      0.13047     0.133164     0.135846     0.138513     0.141167     0.143806     0.146431     0.149042     0.151637     0.154218     0.156783     0.159332     0.161865     0.164383     0.166883     0.169367     0.171834     0.174284     0.176717     0.179132     0.181529     0.183907     0.186268      0.18861     0.190933     0.193236     0.195521     0.197786     0.200031     0.202256     0.204461     0.206645     0.208809     0.210952     0.213074     0.215175     0.217254     0.219311     0.221346     0.223359      0.22535     0.227319     0.229264     0.231187     0.233087     0.234963     0.236816     0.238645      0.24045     0.242231     0.243988     0.245721     0.247429     0.249112      0.25077
           0   0.00399887   0.00799733     0.011995    0.0159915    0.0199863    0.0239792    0.0279697    0.0319574    0.0359418    0.0399227    0.0438996    0.0478721    0.0518398    0.0558024    0.0597593    0.0637103    0.0676549    0.0715927    0.0755234    0.0794465    0.0833617    0.0872686    0.0911667    0.0950557    0.0989352     0.102805     0.106664     0.110513      0.11435     0.118177     0.121991     0.125793     0.129583     0.133359     0.137123     0.140872     0.144608     0.148329     0.152035     0.155726     0.159401     0.163061     0.166704      0.17033      0.17394     0.177532     0.181106     0.184662       0.1882     0.191719     0.195219     0.198699     0.202159       0.2056     0.209019     0.212418     0.215795     0.219151     0.222485     0.225797     0.229086     0.232352     0.235595     0.238814      0.24201     0.245181     0.248328      0.25145     0.254547     0.257618     0.260664     0.263684     0.266677     0.269643     0.272583     0.275495      0.27838     0.281237     0.284066     0.286866     0.289638      0.29238     0.295094     0.297778     0.300432     0.303056      0.30565     0.308213     0.310746     0.313247     0.315717     0.318156     0.320562     0.322937     0.325279     0.327589     0.329866      0.33211     0.334321
           0   0.00499783   0.00999517    0.0149915    0.0199863    0.0249792    0.0299695    0.0349569    0.0399407    0.0449206    0.0498959    0.0548663    0.0598312    0.0647901    0.0697425    0.0746879    0.0796259    0.0845559    0.0894775    0.0943901    0.0992933     0.104187     0.109069     0.113941     0.118802      0.12365     0.128487      0.13331      0.13812     0.142917     0.147699     0.152466     0.157218     0.161954     0.166674     0.171377     0.176064     0.180732     0.185383     0.190015     0.194628     0.199222     0.203795     0.208349     0.212881     0.217392     0.221882     0.226349     0.230793     0.235215     0.239613     0.243987     0.248337     0.252661     0.256961     0.261235     0.265482     0.269704     0.273898     0.278065     0.282204     0.286314     0.290397      0.29445     0.298473     0.302467     0.306431     0.310364     0.314266     0.318136     0.321975     0.325781     0.329555     0.333296     0.337003     0.340677     0.344317     0.347923     0.351493     0.355029     0.358529     0.361993     0.365421     0.368812     0.372166     0.375484     0.378763     0.382005     0.385209     0.388374       0.3915     0.394587     0.397635     0.400643     0.403611     0.406538     0.409425     0.412271     0.415076     0.417839
           0    0.0059963     0.011992    0.0179865    0.0239792    0.0299695    0.0359568    0.0419405    0.0479201    0.0538948    0.0598641    0.0658275    0.0717842    0.0777338    0.0836756    0.0896091    0.0955336     0.101449     0.107353     0.113247      0.11913     0.125001     0.130859     0.136704     0.142536     0.148353     0.154156     0.159943     0.165714     0.171468     0.177206     0.182925     0.188627     0.194309     0.199972     0.205615     0.211238     0.216839     0.222419     0.227976     0.233511     0.239022      0.24451     0.249972      0.25541     0.260823     0.266209     0.271569     0.276901     0.282206     0.287483     0.292731     0.297949     0.303138     0.308297     0.313424     0.318521     0.323585     0.328617     0.333616     0.338582     0.343514     0.348412     0.353275     0.358102     0.362894     0.367649     0.372368     0.377049     0.381693     0.386299     0.390866     0.395393     0.399882      0.40433     0.408738     0.413105     0.417431     0.421715     0.425956     0.430155     0.434312     0.438424     0.442493     0.446518     0.450498     0.454433     0.458322     0.462166     0.465963     0.469714     0.473418     0.477075     0.480683     0.484244     0.487757      0.49122     0.494635     0.497999     0.501315
           0   0.00699417    0.0139876    0.0209797    0.0279697    0.0349569    0.0419405      0.04892    0.0558946    0.0628636    0.0698263    0.0767821    0.0837301    0.0906698    0.0976004     0.104521     0.111432     0.118331     0.125218     0.132093     0.138955     0.145803     0.152636     0.159454     0.166256     0.173041     0.179809      0.18656     0.193291     0.200003     0.206695     0.213367     0.220017     0.226645      0.23325     0.239832     0.246391     0.252924     0.259432     0.265915      0.27237     0.278799     0.285199     0.291571     0.297914     0.304227      0.31051     0.316762     0.322982     0.329169     0.335324     0.341445     0.347532     0.353584     0.359601     0.365582     0.371527     0.377434     0.383304     0.389135     0.394927      0.40068     0.406393     0.412065     0.417695     0.423285     0.428831     0.434335     0.439796     0.445212     0.450584     0.455911     0.461192     0.466428     0.471616     0.476758     0.481851     0.486897     0.491894     0.496841     0.501739     0.506587     0.511384      0.51613     0.520825     0.525467     0.530057     0.534593     0.539077     0.543506     0.547881     0.552201     0.556466     0.560676     0.564829     0.568926     0.572966     0.576949     0.580874      0.58474
           0   0.00799134    0.0159819    0.0239708    0.0319574    0.0399407    0.0479201    0.0558946    0.0638636    0.0718262    0.0797816     0.087729    0.0956676     0.103597     0.111515     0.119423     0.127319     0.135202     0.143071     0.150926     0.158766      0.16659     0.174398     0.182188     0.189959     0.197712     0.205445     0.213158     0.220849     0.228518     0.236164     0.243787     0.251385     0.258958     0.266505     0.274026     0.281519     0.288984      0.29642     0.303826     0.311202     0.318547     0.325861     0.333141     0.340388     0.347601      0.35478     0.361923     0.369029     0.376099     0.383131     0.390125      0.39708     0.403995      0.41087     0.417704     0.424496     0.431245     0.437952     0.444614     0.451232     0.457805     0.464332     0.470813     0.477247     0.483633      0.48997     0.496259     0.502498     0.508687     0.514825     0.520911     0.526945     0.532927     0.538855      0.54473     0.550549     0.556314     0.562024     0.567677     0.573273     0.578812     0.584293     0.589716     0.595079     0.600383     0.605628     0.610811     0.615934     0.620995     0.625993     0.630929     0.635803     0.640612     0.645358     0.650039     0.654654     0.659205     0.663689     0.668108
           0   0.00898771    0.0179745    0.0269595    0.0359418    0.0449206    0.0538948    0.0628636    0.0718262    0.0807815    0.0897288    0.0986671     0.107596     0.116513     0.125419     0.134313     0.143193     0.152059     0.160909     0.169744     0.178561     0.187361     0.196142     0.204903     0.213644     0.222363      0.23106     0.239734     0.248384      0.25701     0.265609     0.274182     0.282728     0.291245     0.299733     0.308192     0.316619     0.325015     0.333378     0.341708     0.350004     0.358264     0.366489     0.374677     0.382828     0.390941     0.399014     0.407048      0.41504     0.422992     0.430901     0.438767     0.446589     0.454366     0.462098     0.469784     0.477422     0.485013     0.492556     0.500049     0.507492     0.514885     0.522226     0.529515     0.536751     0.543933     0.551061     0.558133      0.56515      0.57211     0.579014     0.585859     0.592645     0.599373      0.60604     0.612647     0.619193     0.625676     0.632097     0.638455     0.644749     0.650979     0.657143     0.663242     0.669274      0.67524     0.681138     0.686968     0.692729     0.698421     0.704043     0.709595     0.715075     0.720484     0.725822     0.731086     0.736277     0.741395     0.746439     0.751408
           0   0.00998318    0.0199654    0.0299455    0.0399227    0.0498959    0.0598641    0.0698263    0.0797816    0.0897288    0.0996671     0.109595     0.119513     0.129418     0.139311     0.149189     0.159053     0.168901     0.178731     0.188544     0.198338     0.208113     0.217866     0.227598     0.237307     0.246992     0.256652     0.266287     0.275895     0.285476     0.295028      0.30455     0.314043     0.323503     0.332932     0.342327     0.351687     0.361013     0.370303     0.379555      0.38877     0.397945     0.407081     0.416176      0.42523     0.434241     0.443209     0.452132      0.46101     0.469842     0.478627     0.487364     0.496052     0.504691      0.51328     0.521817     0.530301     0.538733     0.547111     0.555434     0.563702     0.571913     0.580067     0.588163     0.596201     0.604178     0.612096     0.619952     0.627746     0.635477     0.643145     0.650748     0.658286     0.665759     0.673165     0.680503     0.687774     0.694976     0.702108      0.70917     0.716161     0.723081     0.729928     0.736702     0.743403     0.750029      0.75658     0.763056     0.769455     0.775777     0.782022     0.788189     0.794276     0.800285     0.806213      0.81206     0.817827     0.823512     0.829114     0.834633
           0    0.0109776    0.0219542    0.0329286    0.0438996    0.0548663    0.0658275    0.0767821     0.087729    0.0986671     0.109595     0.120513     0.131418      0.14231     0.153188     0.164051     0.174897     0.185726     0.196536     0.207326     0.218096     0.228844     0.239569      0.25027     0.260946     0.271596     0.282219     0.292813     0.303379     0.313913     0.324417     0.334888     0.345326     0.355729     0.366096     0.376427     0.386721     0.396975      0.40719     0.417364     0.427497     0.437587     0.447632     0.457634     0.467589     0.477498     0.487359     0.497171     0.506933     0.516645     0.526305     0.535913     0.545467     0.554966      0.56441     0.573797     0.583127     0.592399     0.601611     0.610764     0.619855     0.628884     0.637851     0.646753     0.655591     0.664363     0.673069     0.681708     0.690278      0.69878     0.707211     0.715572     0.723861     0.732078     0.740222     0.748291     0.756286     0.764205     0.772048     0.779814     0.787501      0.79511     0.802639     0.810089     0.817457     0.824743     0.831947     0.839067     0.846104     0.853056     0.859923     0.866704     0.873398     0.880005     0.886524     0.892954     0.899295     0.905546     0.911706     0.917775
           0     0.011971    0.0239408    0.0359083    0.0478721    0.0598312    0.0717842    0.0837301    0.0956676     0.107596     0.119513     0.131418      0.14331     0.155188      0.16705     0.178896     0.190723     0.202532      0.21432     0.226087     0.237831     0.249552     0.261247     0.272917     0.284559     0.296173     0.307757      0.31931     0.330831      0.34232     0.353774     0.365192     0.376575     0.387919     0.399225     0.410491     0.421715     0.432898     0.444037     0.455132     0.466181     0.477184     0.488139     0.499045     0.509902     0.520707      0.53146      0.54216     0.552806     0.563397     0.573931     0.584408     0.594826     0.605185     0.615484      0.62572     0.635895     0.646005     0.656052     0.666032     0.675946     0.685792      0.69557     0.705278     0.714916     0.724482     0.733976     0.743396     0.752742     0.762013     0.771207     0.780325     0.789364     0.798324     0.807205     0.816005     0.824723     0.833359     0.841911      0.85038     0.858763      0.86706     0.875271     0.883394     0.891429     0.899374      0.90723     0.914995     0.922669      0.93025     0.937738     0.945132     0.952432     0.959637     0.966746     0.973758     0.980672     0.987489     0.994207      1.00083
           0    0.0129632    0.0259251    0.0388844    0.0518398    0.0647901    0.0777338    0.0906698     0.103597     0.116513     0.129418      0.14231     0.155188      0.16805     0.180896     0.193723     0.206531     0.219318     0.232083     0.244826     0.257543     0.270235       0.2829     0.295537     0.308144      0.32072     0.333264     0.345775     0.358251     0.370692     0.383095      0.39546     0.407786      0.42007     0.432313     0.444513     0.456668     0.468777      0.48084     0.492854     0.504819     0.516734     0.528597     0.540407     0.552163     0.563864     0.575508     0.587095     0.598623     0.610092     0.621499     0.632844     0.644126     0.655344     0.666496     0.677581     0.688599     0.699547     0.710426     0.721234     0.731969     0.742632      0.75322     0.763733     0.774169     0.784528     0.794809      0.80501      0.81513      0.82517     0.835126     0.844999     0.854788     0.864491     0.874107     0.883637     0.893077     0.902429      0.91169      0.92086     0.929938     0.938923     0.947815     0.956611     0.965312     0.973916     0.982423     0.990831     0.999141      1.00735      1.01546      1.02347      1.03137      1.03917      1.04687      1.05446      1.06195      1.06933      1.07661      1.08378
           0    0.0139541    0.0279068    0.0418567    0.0558024    0.0697425    0.0836756    0.0976004     0.111515     0.125419     0.139311     0.153188      0.16705     0.180896     0.194723     0.208531     0.222318     0.236082     0.249823      0.26354     0.277229     0.290891     0.304524     0.318127     0.331698     0.345235     0.358738     0.372205     0.385635     0.399027     0.412378     0.425688     0.438956      0.45218     0.465358      0.47849     0.491574     0.504609     0.517594     0.530527     0.543406     0.556232     0.569002     0.581715     0.594369     0.606964     0.619499     0.631972     0.644381     0.656726     0.669005     0.681218     0.693362     0.705437     0.717441     0.729374     0.741234     0.753019      0.76473     0.776364      0.78792     0.799397     0.810795     0.822111     0.833345     0.844496     0.855562     0.866543     0.877437     0.888244     0.898961     0.909589     0.920126     0.930571     0.940922      0.95118     0.961342     0.971409     0.981378     0.991249      1.00102      1.01069      1.02026      1.02973       1.0391      1.04836      1.05752      1.06657      1.07551      1.08435      1.09308       1.1017      1.11021      1.11861      1.12689      1.13507      1.14313      1.15107       1.1589      1.16662
           0    0.0149436    0.0298856    0.0448247    0.0597593    0.0746879    0.0896091     0.104521     0.119423     0.134313     0.149189     0.164051     0.178896     0.193723     0.208531     0.223318     0.238082     0.252823     0.267538     0.282227     0.296888     0.311519     0.326118     0.340685     0.355218     0.369716     0.384176     0.398598     0.412981     0.427322      0.44162     0.455874     0.470082     0.484244     0.498357      0.51242     0.526432     0.540391     0.554297     0.568146     0.581939     0.595674      0.60935     0.622964     0.636516     0.650004     0.663428     0.676785     0.690074     0.703295     0.716445     0.729523     0.742528      0.75546     0.768315     0.781094     0.793795     0.806416     0.818957     0.831416     0.843791     0.856082     0.868288     0.880407     0.892438     0.904379      0.91623      0.92799     0.939657     0.951229     0.962707     0.974088     0.985372     0.996558      1.00764      1.01863      1.02951      1.04029      1.05097      1.06154        1.072      1.08236      1.09261      1.10275      1.11278       1.1227      1.13251       1.1422      1.15178      1.16124      1.17059      1.17982      1.18893      1.19793       1.2068      1.21555      1.22418      1.23269      1.24108      1.24934
           0    0.0159316    0.0318615    0.0477883    0.0637103    0.0796259    0.0955336     0.111432     0.127319     0.143193     0.159053     0.174897     0.190723     0.206531     0.222318     0.238082     0.253823     0.269538     0.285227     0.300887     0.316516     0.332115      0.34768      0.36321     0.378704      0.39416     0.409576     0.424952     0.440285     0.455574     0.470817     0.486014     0.501162      0.51626     0.531306     0.546299     0.561237     0.576119     0.590944     0.605709     0.620414     0.635057     0.649637     0.664151     0.678599     0.692979      0.70729      0.72153     0.735698     0.749793     0.763812     0.777755     0.791621     0.805407     0.819112     0.832736     0.846276     0.859732     0.873102     0.886384     0.899578     0.912682     0.925695     0.938615     0.951441     0.964172     0.976807     0.989344      1.00178      1.01412      1.02636      1.03849      1.05052      1.06244      1.07426      1.08597      1.09758      1.10907      1.12045      1.13172      1.14288      1.15392      1.16485      1.17566      1.18635      1.19693      1.20738      1.21772      1.22793      1.23802      1.24798      1.25782      1.26754      1.27713      1.28659      1.29592      1.30512      1.31419      1.32313      1.33194
           0     0.016918    0.0338342    0.0507471    0.0676549    0.0845559     0.101449     0.118331     0.135202     0.152059     0.168901     0.185726     0.202532     0.219318     0.236082     0.252823     0.269538     0.286227     0.302886     0.319516     0.336113     0.352677     0.369206     0.385698     0.402151     0.418564     0.434935     0.451263     0.467545     0.483781     0.499968     0.516105     0.532191     0.548224     0.564201     0.580123     0.595986     0.611789     0.627532     0.643212     0.658827     0.674377     0.689859     0.705272     0.720614     0.735885     0.751082     0.766204     0.781249     0.796216     0.811103      0.82591     0.840633     0.855273     0.869827     0.884295     0.898673     0.912962      0.92716     0.941265     0.955275     0.969191     0.983009     0.996729      1.01035      1.02387      1.03729       1.0506      1.06381      1.07691       1.0899      1.10279      1.11556      1.12823      1.14078      1.15321      1.16553      1.17774      1.18982      1.20179      1.21364      1.22537      1.23697      1.24845       1.2598      1.27103      1.28214      1.29311      1.30395      1.31467      1.32525       1.3357      1.34602       1.3562      1.36625      1.37616      1.38593      1.39556      1.40505      1.41441
           0    0.0179027    0.0358035    0.0537008    0.0715927    0.0894775     0.107353     0.125218     0.143071     0.160909     0.178731     0.196536      0.21432     0.232083     0.249823     0.267538     0.285227     0.302886     0.320516     0.338113     0.355677     0.373205     0.390696     0.408147     0.425558     0.442926      0.46025     0.477528     0.494758     0.511939     0.529069     0.546145     0.563167     0.580133     0.597041     0.613888     0.630675     0.647399     0.664057      0.68065     0.697174     0.713629     0.730012     0.746322     0.762558     0.778717     0.794798       0.8108     0.826721      0.84256     0.858313     0.873982     0.889562     0.905054     0.920455     0.935765      0.95098     0.966101     0.981125     0.996051      1.01088       1.0256      1.04022      1.05474      1.06916      1.08346      1.09766      1.11175      1.12573      1.13959      1.15334      1.16698      1.18049      1.19389      1.20717      1.22033      1.23337      1.24629      1.25908      1.27174      1.28428      1.29669      1.30897      1.32112      1.33313      1.34501      1.35676      1.36837      1.37985      1.39119      1.40239      1.41345      1.42436      1.43514      1.44577      1.45625       1.4666      1.47679      1.48684      1.49673
           0    0.0188856    0.0377693    0.0566492    0.0755234    0.0943901     0.113247     0.132093     0.150926     0.169744     0.188544     0.207326     0.226087     0.244826      0.26354     0.282227     0.300887     0.319516     0.338113     0.356677     0.375205     0.393695     0.412146     0.430556     0.448923     0.467244     0.485519     0.503746     0.521922     0.540046     0.558116      0.57613     0.594087     0.611984      0.62982     0.647593     0.665301     0.682943     0.700516      0.71802     0.735451     0.752809     0.770092     0.787298     0.804425     0.821471     0.838435     0.855316     0.872111     0.888819     0.905438     0.921966     0.938402     0.954745     0.970992     0.987141      1.00319      1.01914      1.03499      1.05074      1.06638      1.08191      1.09734      1.11265      1.12786      1.14295      1.15793      1.17279      1.18753      1.20216      1.21666      1.23105      1.24531      1.25944      1.27345      1.28734      1.30109      1.31471      1.32821      1.34157      1.35479      1.36788      1.38083      1.39365      1.40632      1.41886      1.43125       1.4435      1.45561      1.46757      1.47938      1.49105      1.50256      1.51393      1.52515      1.53621      1.54712      1.55787      1.56847      1.57891
           0    0.0198666    0.0397312    0.0595919    0.0794465    0.0992933      0.11913     0.138955     0.158766     0.178561     0.198338     0.218096     0.237831     0.257543     0.277229     0.296888     0.316516     0.336113     0.355677     0.375205     0.394695     0.414146     0.433555     0.452921     0.472242     0.491516      0.51074     0.529914     0.549034     0.568099     0.587108     0.606058     0.624947     0.643774     0.662537     0.681233     0.699861     0.718419     0.736905     0.755318     0.773655     0.791914     0.810095     0.828194     0.846211     0.864143     0.881989     0.899746     0.917414     0.934989     0.952472     0.969858     0.987148      1.00434      1.02143      1.03842       1.0553      1.07208      1.08876      1.10532      1.12177      1.13811      1.15434      1.17045      1.18644      1.20232      1.21808      1.23371      1.24922       1.2646      1.27986      1.29499         1.31      1.32487       1.3396      1.35421      1.36868      1.38301       1.3972      1.41125      1.42517      1.43894      1.45256      1.46604      1.47938      1.49256       1.5056      1.51849      1.53122       1.5438      1.55623       1.5685      1.58062      1.59257      1.60437      1.61601      1.62748      1.63879      1.64994      1.66093
           0    0.0208456    0.0416892    0.0625286    0.0833617     0.104187     0.125001     0.145803      0.16659     0.187361     0.208113     0.228844     0.249552     0.270235     0.290891     0.311519     0.332115     0.352677     0.373205     0.393695     0.414146     0.434555     0.454921     0.475242     0.495515     0.515738      0.53591     0.556028     0.576091     0.596096     0.616041     0.635925     0.655745       0.6755     0.695187     0.714804     0.734351     0.753823      0.77322      0.79254     0.811781     0.830941     0.850017     0.869008     0.887913     0.906729     0.925454     0.944086     0.962624     0.981066      0.99941      1.01765       1.0358      1.05383      1.07177      1.08959      1.10731      1.12492      1.14241      1.15979      1.17705       1.1942      1.21123      1.22813      1.24491      1.26157       1.2781      1.29451      1.31078      1.32692      1.34294      1.35881      1.37455      1.39016      1.40562      1.42094      1.43612      1.45116      1.46606       1.4808       1.4954      1.50985      1.52415      1.53829      1.55228      1.56612       1.5798      1.59332      1.60668      1.61988      1.63292       1.6458      1.65851      1.67106      1.68343      1.69565      1.70769      1.71956      1.73125      1.74278
           0    0.0218226     0.043643    0.0654591    0.0872686     0.109069     0.130859     0.152636     0.174398     0.196142     0.217866     0.239569     0.261247       0.2829     0.304524     0.326118      0.34768     0.369206     0.390696     0.412146     0.433555     0.454921     0.476242     0.497514     0.518738     0.539909     0.561026     0.582087      0.60309     0.624032     0.644913     0.665728     0.686477     0.707158     0.727768     0.748305     0.768767     0.789152     0.809458     0.829684     0.849826     0.869884     0.889854     0.909736     0.929526     0.949224     0.968826     0.988332      1.00774      1.02705      1.04625      1.06535      1.08434      1.10322        1.122      1.14066      1.15921      1.17764      1.19595      1.21414      1.23222      1.25017      1.26799      1.28569      1.30326       1.3207        1.338      1.35518      1.37221      1.38911      1.40587      1.42249      1.43897      1.45531       1.4715      1.48754      1.50343      1.51917      1.53476       1.5502      1.56548      1.58061      1.59558      1.61038      1.62503      1.63952      1.65384      1.66799      1.68198       1.6958      1.70945      1.72293      1.73624      1.74937      1.76233      1.77511      1.78772      1.80014      1.81239      1.82446
           0    0.0227974    0.0455925     0.068383    0.0911667     0.113941     0.136704     0.159454     0.182188     0.204903     0.227598      0.25027     0.272917     0.295537     0.318127     0.340685      0.36321     0.385698     0.408147     0.430556     0.452921     0.475242     0.497514     0.519738     0.541909     0.564025     0.586086     0.608088     0.630029     0.651907      0.67372     0.695465     0.717141     0.738745     0.760276      0.78173     0.803106     0.824402     0.845615     0.866744     0.887786      0.90874     0.929602     0.950372     0.971046     0.991624       1.0121      1.03248      1.05275      1.07292      1.09298      1.11293      1.13278       1.1525      1.17211      1.19161      1.21099      1.23024      1.24937      1.26838      1.28726      1.30601      1.32463      1.34312      1.36147      1.37969      1.39777      1.41571      1.43351      1.45116      1.46867      1.48603      1.50325      1.52031      1.53722      1.55398      1.57059      1.58703      1.60332      1.61945      1.63541      1.65121      1.66685      1.68232      1.69762      1.71275      1.72771       1.7425      1.75711      1.77155      1.78581      1.79989      1.81379      1.82751      1.84105       1.8544      1.86757      1.88055      1.89335      1.90595
           0    0.0237699    0.0475374    0.0713001    0.0950557     0.118802     0.142536     0.166256     0.189959     0.213644     0.237307     0.260946     0.284559     0.308144     0.331698     0.355218     0.378704     0.402151     0.425558     0.448923     0.472242     0.495515     0.518738     0.541909     0.565025     0.588086     0.611087     0.634028     0.656905     0.679716     0.702459     0.725132     0.747733     0.770259     0.792708     0.815077     0.837365     0.859569     0.881688     0.903718     0.925658     0.947505     0.969257     0.990913      1.01247      1.03392      1.05528      1.07652      1.09766      1.11869      1.13961      1.16041       1.1811      1.20167      1.22211      1.24244      1.26264      1.28272      1.30267      1.32248      1.34217      1.36172      1.38114      1.40041      1.41955      1.43854      1.45739       1.4761      1.49466      1.51307      1.53132      1.54943      1.56737      1.58517       1.6028      1.62027      1.63758      1.65473      1.67171      1.68853      1.70517      1.72165      1.73795      1.75408      1.77004      1.78581      1.80141      1.81683      1.83207      1.84712      1.86199      1.87667      1.89117      1.90547      1.91959      1.93351      1.94724      1.96078      1.97411      1.98726
           0      0.02474    0.0494775    0.0742101    0.0989352      0.12365     0.148353     0.173041     0.197712     0.222363     0.246992     0.271596     0.296173      0.32072     0.345235     0.369716      0.39416     0.418564     0.442926     0.467244     0.491516     0.515738     0.539909     0.564025     0.588086     0.612087     0.636027     0.659904     0.683715     0.707457     0.731129     0.754727      0.77825     0.801695      0.82506     0.848343      0.87154     0.894651     0.917672     0.940601     0.963436     0.986175      1.00882      1.03135      1.05379      1.07612      1.09835      1.12046      1.14246      1.16435      1.18612      1.20777       1.2293      1.25071      1.27199      1.29315      1.31418      1.33507      1.35583      1.37646      1.39695       1.4173       1.4375      1.45757      1.47749      1.49726      1.51688      1.53634      1.55566      1.57482      1.59382      1.61266      1.63134      1.64986      1.66821       1.6864      1.70442      1.72227      1.73994      1.75744      1.77477      1.79192      1.80888      1.82567      1.84228       1.8587      1.87493      1.89098      1.90684      1.92251      1.93798      1.95326      1.96835      1.98324      1.99793      2.01242      2.02671       2.0408      2.05468      2.06836
           0    0.0257076    0.0514127    0.0771126     0.102805     0.128487     0.154156     0.179809     0.205445      0.23106     0.256652     0.282219     0.307757     0.333264     0.358738     0.384176     0.409576     0.434935      0.46025     0.485519      0.51074      0.53591     0.561026     0.586086     0.611087     0.636027     0.660904     0.685715     0.710457     0.735128     0.759725     0.784246     0.808689     0.833052      0.85733     0.881524     0.905629     0.929643     0.953564      0.97739      1.00112      1.02475      1.04827      1.07169      1.09501      1.11821       1.1413      1.16428      1.18714      1.20989      1.23251      1.25501      1.27738      1.29963      1.32174      1.34373      1.36558      1.38729      1.40886       1.4303      1.45159      1.47273      1.49373      1.51458      1.53527      1.55582       1.5762      1.59643       1.6165      1.63641      1.65616      1.67574      1.69515      1.71439      1.73346      1.75236      1.77108      1.78963      1.80799      1.82618      1.84418        1.862      1.87963      1.89708      1.91433       1.9314      1.94827      1.96494      1.98142       1.9977      2.01378      2.02966      2.04534      2.06081      2.07607      2.09113      2.10598      2.12062      2.13505      2.14926
           0    0.0266727    0.0533427    0.0800074     0.106664      0.13331     0.159943      0.18656     0.213158     0.239734     0.266287     0.292813      0.31931     0.345775     0.372205     0.398598     0.424952     0.451263     0.477528     0.503746     0.529914     0.556028     0.582087     0.608088     0.634028     0.659904     0.685715     0.711457     0.737127     0.762724     0.788245     0.813687     0.839048     0.864325     0.889515     0.914616     0.939626     0.964542     0.989361      1.01408       1.0387      1.06322      1.08763      1.11193      1.13611      1.16019      1.18415      1.20799      1.23171      1.25531      1.27878      1.30212      1.32534      1.34842      1.37136      1.39417      1.41684      1.43937      1.46175      1.48399      1.50608      1.52802       1.5498      1.57143      1.59291      1.61422      1.63538      1.65636      1.67719      1.69784      1.71833      1.73865      1.75879      1.77875      1.79854      1.81814      1.83757      1.85681      1.87587      1.89474      1.91341       1.9319       1.9502      1.96829       1.9862       2.0039       2.0214      2.03871       2.0558      2.07269      2.08938      2.10585      2.12212      2.13817      2.15401      2.16963      2.18504      2.20023       2.2152      2.22994
           0    0.0276351    0.0552674    0.0828943     0.110513      0.13812     0.165714     0.193291     0.220849     0.248384     0.275895     0.303379     0.330831     0.358251     0.385635     0.412981     0.440285     0.467545     0.494758     0.521922     0.549034     0.576091      0.60309     0.630029     0.656905     0.683715     0.710457     0.737127     0.763724     0.790245     0.816687     0.843047     0.869322     0.895511      0.92161     0.947617      0.97353     0.999345      1.02506      1.05067      1.07618      1.10158      1.12687      1.15205      1.17711      1.20205      1.22688      1.25158      1.27615       1.3006      1.32492      1.34911      1.37316      1.39707      1.42084      1.44448      1.46796       1.4913       1.5145      1.53754      1.56042      1.58315      1.60572      1.62813      1.65038      1.67247      1.69438      1.71613      1.73771      1.75911      1.78033      1.80138      1.82225      1.84293      1.86343      1.88375      1.90387      1.92381      1.94355       1.9631      1.98245      2.00161      2.02056      2.03932      2.05786      2.07621      2.09434      2.11227      2.12998      2.14748      2.16477      2.18184      2.19869      2.21532      2.23173      2.24792      2.26388      2.27962      2.29513      2.31041
           0    0.0285947    0.0571866    0.0857728      0.11435     0.142917     0.171468     0.200003     0.228518      0.25701     0.285476     0.313913      0.34232     0.370692     0.399027     0.427322     0.455574     0.483781     0.511939     0.540046     0.568099     0.596096     0.624032     0.651907     0.679716     0.707457     0.735128     0.762724     0.790245     0.817687     0.845047     0.872322      0.89951     0.926608     0.953614     0.980524      1.00734      1.03405      1.06066      1.08716      1.11355      1.13983        1.166      1.19205      1.21798      1.24379      1.26948      1.29504      1.32047      1.34577      1.37093      1.39595      1.42084      1.44558      1.47018      1.49464      1.51894      1.54309      1.56709      1.59093      1.61461      1.63813      1.66148      1.68467      1.70769      1.73054      1.75322      1.77572      1.79805      1.82019      1.84215      1.86393      1.88553      1.90693      1.92814      1.94916      1.96999      1.99061      2.01104      2.03127       2.0513      2.07112      2.09073      2.11013      2.12932       2.1483      2.16707      2.18562      2.20394      2.22205      2.23994       2.2576      2.27504      2.29225      2.30923      2.32598       2.3425      2.35878      2.37483      2.39063
