           0            0            0            0            0            0            0            0            0            0            0            0            0            0            0            0            0            0            0            0            0            0            0            0            0            0            0            0            0            0            0            0            0            0            0            0            0            0            0            0            0            0            0            0            0            0            0            0            0            0            0            0            0            0            0            0            0            0            0            0            0            0            0            0            0            0            0            0            0            0            0            0            0            0            0            0            0            0            0            0            0            0            0            0            0            0            0            0            0            0            0            0            0            0            0            0            0            0            0
           0  0.000399987  0.000799933    0.0011998   0.00159955   0.00199913   0.00239852   0.00279767   0.00319653   0.00359508   0.00399327   0.00439106   0.00478841   0.00518528   0.00558163   0.00597743   0.00637262   0.00676718   0.00716106   0.00755423   0.00794664   0.00833826   0.00872904   0.00911895   0.00950795   0.00989599    0.0102831    0.0106691     0.011054    0.0114379    0.0118206    0.0122021    0.0125825    0.0129615    0.0133393    0.0137157    0.0140907    0.0144644    0.0148366    0.0152073    0.0155765    0.0159441    0.0163101    0.0166746    0.0170373    0.0173983    0.0177576    0.0181151    0.0184709    0.0188247    0.0191767    0.0195268    0.0198749     0.020221    0.0205651    0.0209071    0.0212471    0.0215849    0.0219206    0.0222541    0.0225853    0.0229143     0.023241    0.0235654    0.0238874    0.0242071    0.0245243     0.024839    0.0251513    0.0254611    0.0257683    0.0260729    0.0263749    0.0266743    0.0269711    0.0272651    0.0275564    0.0278449    0.0281307    0.0284137    0.0286938     0.028971    0.0292453    0.0295168    0.0297852    0.0300507    0.0303132    0.0305726     0.030829    0.0310824    0.0313326    0.0315796    0.0318235    0.0320643    0.0323018    0.0325361    0.0327671    0.0329949    0.0332193
           0  0.000799933   0.00159979   0.00239948   0.00319893   0.00399807    0.0047968   0.00559505   0.00639275    0.0071898   0.00798614   0.00878168   0.00957634      0.01037    0.0111627    0.0119543    0.0127446    0.0135337    0.0143214    0.0151077    0.0158925    0.0166757    0.0174572     0.018237    0.0190149     0.019791    0.0205651    0.0213371     0.022107    0.0228747      0.02364    0.0244031    0.0251636    0.0259217    0.0266772      0.02743    0.0281801    0.0289273    0.0296717     0.030413    0.0311514    0.0318866    0.0326187    0.0333474    0.0340729    0.0347949    0.0355135    0.0362285    0.0369399    0.0376476    0.0383515    0.0390516    0.0397478      0.04044    0.0411281    0.0418122    0.0424921    0.0431677     0.043839    0.0445059    0.0451684    0.0458263    0.0464797    0.0471284    0.0477725    0.0484117    0.0490461    0.0496756    0.0503001    0.0509196     0.051534    0.0521432    0.0527473     0.053346    0.0539394    0.0545275      0.05511    0.0556871    0.0562586    0.0568245    0.0573847    0.0579391    0.0584878    0.0590306    0.0595675    0.0600984    0.0606234    0.0611422     0.061655    0.0621616     0.062662    0.0631561    0.0636439    0.0641253    0.0646003    0.0650689     0.065531    0.0659865    0.0664354
           0    0.0011998   0.00239948   0.00359892     0.004798    0.0059966    0.0071946   0.00839188   0.00958832    0.0107838    0.0119782    0.0131714    0.0143633    0.0155538    0.0167427    0.0179299    0.0191153    0.0202988    0.0214803    0.0226597    0.0238367    0.0250114    0.0261836    0.0273532      0.02852     0.029684     0.030845     0.032003    0.0331577    0.0343091    0.0354571    0.0366015    0.0377423    0.0388793    0.0400124    0.0411416    0.0422666    0.0433873    0.0445038    0.0456158    0.0467232    0.0478259    0.0489239     0.050017    0.0511051     0.052188    0.0532658    0.0543382    0.0554052    0.0564666    0.0575224    0.0585725    0.0596167    0.0606549    0.0616871    0.0627131    0.0637328    0.0647461     0.065753    0.0667533    0.0677469    0.0687338    0.0697138    0.0706868    0.0716527    0.0726115     0.073563    0.0745071    0.0754438     0.076373    0.0772945    0.0782083    0.0791143    0.0800124    0.0809024    0.0817844    0.0826582    0.0835237    0.0843809    0.0852296    0.0860698    0.0869014    0.0877243    0.0885385    0.0893438    0.0901401    0.0909275    0.0917057    0.0924748    0.0932346    0.0939851    0.0947262    0.0954579      0.09618    0.0968924    0.0975952    0.0982882    0.0989714    0.0996447
           0   0.00159955   0.00319893     0.004798   0.00639659   0.00799453   0.00959168    0.0111879    0.0127829    0.0143767    0.0159691    0.0175598    0.0191488    0.0207359    0.0223209    0.0239037    0.0254841     0.027062    0.0286371    0.0302094    0.0317786    0.0333447    0.0349074    0.0364667    0.0380223    0.0395741    0.0411219    0.0426657    0.0442051    0.0457402    0.0472706    0.0487964    0.0503172    0.0518331    0.0533437     0.054849    0.0563488     0.057843    0.0593315    0.0608139    0.0622903    0.0637605    0.0652243    0.0666815    0.0681321    0.0695759    0.0710128    0.0724425     0.073865    0.0752801    0.0766876    0.0780875    0.0794796    0.0808638    0.0822398    0.0836077    0.0849671    0.0863181    0.0876604     0.088994    0.0903187    0.0916344    0.0929408     0.094238    0.0955258     0.096804    0.0980725    0.0993313      0.10058     0.101819     0.103047     0.104266     0.105473     0.106671     0.107857     0.109033     0.110198     0.111352     0.112495     0.113626     0.114746     0.115855     0.116952     0.118038     0.119111     0.120173     0.121222      0.12226     0.123285     0.124298     0.125299     0.126287     0.127262     0.128225     0.129175     0.130112     0.131036     0.131947     0.132844
           0   0.00199913   0.00399807    0.0059966   0.00799453   0.00999167    0.0119878    0.0139827    0.0159763    0.0179682    0.0199584    0.0219465    0.0239325     0.025916     0.027897    0.0298752    0.0318504    0.0338224     0.035791     0.037756    0.0397173    0.0416746    0.0436277    0.0455765    0.0475207    0.0494602    0.0513947    0.0533241    0.0552481    0.0571666    0.0590794    0.0609863    0.0628871    0.0647816    0.0666696     0.068551    0.0704255     0.072293    0.0741532     0.076006    0.0778512    0.0796887    0.0815181    0.0833394    0.0851524    0.0869569    0.0887526    0.0905395    0.0923174     0.094086    0.0958452    0.0975948    0.0993346     0.101065     0.102784     0.104494     0.106193     0.107881     0.109559     0.111226     0.112881     0.114526     0.116159      0.11778     0.119389     0.120987     0.122572     0.124145     0.125706     0.127254      0.12879     0.130312     0.131822     0.133318     0.134801     0.136271     0.137727     0.139169     0.140597     0.142011     0.143411     0.144797     0.146168     0.147525     0.148867     0.150193     0.151505     0.152802     0.154084      0.15535       0.1566     0.157835     0.159054     0.160257     0.161444     0.162615      0.16377     0.164908      0.16603
           0   0.00239852    0.0047968    0.0071946   0.00959168    0.0119878    0.0143827    0.0167762     0.019168    0.0215579    0.0239456     0.026331    0.0287137    0.0310935    0.0334703    0.0358436    0.0382134    0.0405794    0.0429413    0.0452989     0.047652    0.0500004    0.0523437    0.0546818    0.0570144    0.0593413    0.0616623    0.0639771    0.0662856    0.0685874    0.0708823    0.0731702    0.0754507    0.0777237    0.0799889    0.0822461    0.0844951    0.0867356    0.0889675    0.0911905    0.0934043    0.0956088    0.0978038     0.099989     0.102164     0.104329     0.106484     0.108628     0.110761     0.112882     0.114993     0.117092      0.11918     0.121255     0.123319      0.12537     0.127408     0.129434     0.131447     0.133447     0.135433     0.137406     0.139365      0.14131     0.143241     0.145158      0.14706     0.148947      0.15082     0.152677     0.154519     0.156346     0.158157     0.159953     0.161732     0.163495     0.165242     0.166972     0.168686     0.170383     0.172062     0.173725      0.17537     0.176997     0.178607     0.180199     0.181773     0.183329     0.184866     0.186385     0.187886     0.189367      0.19083     0.192273     0.193698     0.195103     0.196488     0.197854       0.1992
           0   0.00279767   0.00559505   0.00839188    0.0111879    0.0139827    0.0167762     0.019568    0.0223578    0.0251454    0.0279305    0.0307128    0.0334921    0.0362679    0.0390402    0.0418085    0.0445727    0.0473324    0.0500874    0.0528373     0.055582    0.0583211    0.0610544    0.0637816    0.0665024    0.0692165    0.0719238    0.0746238    0.0773164    0.0800013    0.0826781    0.0853467    0.0880067     0.090658    0.0933001     0.095933    0.0985563      0.10117     0.103773     0.106366     0.108948     0.111519      0.11408     0.116629     0.119166     0.121691     0.124204     0.126705     0.129193     0.131668      0.13413     0.136578     0.139013     0.141434     0.143841     0.146233     0.148611     0.150974     0.153321     0.155654     0.157971     0.160272     0.162557     0.164826     0.167078     0.169314     0.171533     0.173734     0.175918     0.178085     0.180234     0.182364     0.184477     0.186571     0.188646     0.190703     0.192741     0.194759     0.196757     0.198737     0.200696     0.202635     0.204554     0.206452      0.20833     0.210187     0.212023     0.213837     0.215631     0.217402     0.219152     0.220881     0.222587      0.22427     0.225932      0.22757     0.229186     0.230779     0.232349
           0   0.00319653   0.00639275   0.00958832    0.0127829    0.0159763     0.019168    0.0223578    0.0255454    0.0287305    0.0319126    0.0350916    0.0382671    0.0414387    0.0446062    0.0477692    0.0509275    0.0540806    0.0572284    0.0603704    0.0635064     0.066636     0.069759     0.072875    0.0759837    0.0790848    0.0821781     0.085263    0.0883395    0.0914071    0.0944656    0.0975147     0.100554     0.103583     0.106602      0.10961     0.112608     0.115594     0.118568     0.121531     0.124481     0.127419     0.130344     0.133256     0.136155     0.139041     0.141912     0.144769     0.147612      0.15044     0.153253      0.15605     0.158832     0.161598     0.164348     0.167082     0.169798     0.172498     0.175181     0.177846     0.180493     0.183122     0.185733     0.188325     0.190899     0.193453     0.195988     0.198504     0.200999     0.203475      0.20593     0.208364     0.210778     0.213171     0.215542     0.217892      0.22022     0.222526     0.224809     0.227071     0.229309     0.231525     0.233717     0.235886     0.238032     0.240153     0.242251     0.244324     0.246373     0.248398     0.250397     0.252372     0.254321     0.256245     0.258143     0.260015     0.261862     0.263682     0.265476
           0   0.00359508    0.0071898    0.0107838    0.0143767    0.0179682    0.0215579    0.0251454    0.0287305    0.0323126    0.0358915    0.0394669    0.0430382    0.0466053    0.0501677    0.0537251    0.0572772    0.0608235    0.0643637    0.0678975    0.0714244    0.0749443    0.0784566    0.0819612    0.0854575    0.0889452    0.0924241    0.0958937    0.0993538     0.102804     0.106244     0.109673     0.113091     0.116498     0.119893     0.123277     0.126648     0.130006     0.133351     0.136683     0.140001     0.143306     0.146596     0.149871     0.153131     0.156376     0.159606     0.162819     0.166016     0.169197      0.17236     0.175507     0.178635     0.181746     0.184839     0.187913     0.190969     0.194005     0.197022      0.20002     0.202997     0.205954      0.20889     0.211806       0.2147     0.217573     0.220424     0.223253      0.22606     0.228844     0.231605     0.234343     0.237058     0.239749     0.242416     0.245059     0.247677     0.250271     0.252839     0.255382       0.2579     0.260392     0.262857     0.265297      0.26771     0.270096     0.272455     0.274787     0.277092     0.279368     0.281617     0.283838      0.28603     0.288194     0.290329     0.292434     0.294511     0.296558     0.298576
           0   0.00399327   0.00798614    0.0119782    0.0159691    0.0199584    0.0239456    0.0279305    0.0319126    0.0358915    0.0398668    0.0438382    0.0478051    0.0517673    0.0557243    0.0596757    0.0636211    0.0675602    0.0714925    0.0754177    0.0793354    0.0832451    0.0871464    0.0910391    0.0949227    0.0987967     0.102661     0.106515     0.110358      0.11419     0.118011      0.12182     0.125617     0.129401     0.133173     0.136931     0.140675     0.144405     0.148121     0.151822     0.155508     0.159178     0.162832     0.166471     0.170092     0.173696     0.177283     0.180853     0.184404     0.187937     0.191451     0.194946     0.198421     0.201876     0.205312     0.208727     0.212121     0.215493     0.218844     0.222174     0.225481     0.228765     0.232027     0.235265      0.23848     0.241671     0.244838     0.247981     0.251098     0.254191     0.257258     0.260299     0.263314     0.266303     0.269266     0.272201      0.27511      0.27799     0.280843     0.283668     0.286464     0.289232     0.291971     0.294681     0.297361     0.300012     0.302632     0.305222     0.307782     0.310311     0.312809     0.315275     0.317711     0.320114     0.322485     0.324824     0.327131     0.329405     0.331646
           0   0.00439106   0.00878168    0.0131714    0.0175598    0.0219465     0.026331    0.0307128    0.0350916    0.0394669    0.0438382    0.0482051    0.0525672    0.0569241    0.0612752    0.0656203    0.0699587    0.0742902    0.0786142    0.0829304    0.0872383    0.0915375    0.0958275     0.100108     0.104378     0.108638     0.112887     0.117125     0.121351     0.125565     0.129767     0.133955      0.13813     0.142292     0.146439     0.150571     0.154688      0.15879     0.162876     0.166946     0.170999     0.175035     0.179053     0.183053     0.187036     0.190999     0.194943     0.198868     0.202773     0.206658     0.210522     0.214365     0.218187     0.221986     0.225764     0.229519     0.233251      0.23696     0.240645     0.244305     0.247942     0.251554      0.25514     0.258701     0.262236     0.265745     0.269228     0.272683     0.276111     0.279512     0.282884     0.286229     0.289545     0.292831     0.296089     0.299317     0.302515     0.305682     0.308819     0.311926     0.315001     0.318044     0.321056     0.324035     0.326983     0.329897     0.332779     0.335627     0.338442     0.341222     0.343969     0.346682     0.349359     0.352002     0.354609     0.357181     0.359718     0.362218     0.364682
           0   0.00478841   0.00957634    0.0143633    0.0191488    0.0239325    0.0287137    0.0334921    0.0382671    0.0430382    0.0478051    0.0525672    0.0573241    0.0620752    0.0668201    0.0715583    0.0762893    0.0810128    0.0857281    0.0904349    0.0951326    0.0998208     0.104499     0.109167     0.113824     0.118469     0.123103     0.127724     0.132333     0.136928      0.14151     0.146077      0.15063     0.155168      0.15969     0.164196     0.168686     0.173159     0.177615     0.182053     0.186473     0.190874     0.195256     0.199618     0.203961     0.208283     0.212584     0.216864     0.221122     0.225359     0.229572     0.233763      0.23793     0.242074     0.246193     0.250288     0.254358     0.258402     0.262421     0.266413     0.270378     0.274317     0.278228     0.282111     0.285966     0.289793      0.29359     0.297358     0.301097     0.304805     0.308483      0.31213     0.315746      0.31933     0.322882     0.326402     0.329889     0.333344     0.336765     0.340152     0.343505     0.346824     0.350108     0.353358     0.356571      0.35975     0.362892     0.365998     0.369067       0.3721     0.375095     0.378053     0.380973     0.383855     0.386698     0.389503     0.392269     0.394996     0.397683
           0   0.00518528      0.01037    0.0155538    0.0207359     0.025916    0.0310935    0.0362679    0.0414387    0.0466053    0.0517673    0.0569241    0.0620752      0.06722    0.0723582    0.0774891    0.0826123    0.0877272    0.0928334    0.0979302     0.103017     0.108094      0.11316     0.118215     0.123258     0.128288     0.133306      0.13831     0.143301     0.148277     0.153238     0.158184     0.163114     0.168028     0.172925     0.177805     0.182667     0.187511     0.192336     0.197142     0.201928     0.206694     0.211439     0.216163     0.220865     0.225546     0.230203     0.234838     0.239449     0.244037       0.2486     0.253138     0.257651     0.262138     0.266598     0.271032     0.275439     0.279819      0.28417     0.288494     0.292788     0.297053     0.301288     0.305493     0.309668     0.313811     0.317924     0.322004     0.326052     0.330068      0.33405        0.338     0.341915     0.345796     0.349643     0.353455     0.357231     0.360972     0.364676     0.368344     0.371975     0.375569     0.379126     0.382644     0.386125     0.389566     0.392969     0.396333     0.399656      0.40294     0.406184     0.409387     0.412549     0.415669     0.418748     0.421786     0.424781     0.427733     0.430643
           0   0.00558163    0.0111627    0.0167427    0.0223209     0.027897    0.0334703    0.0390402    0.0446062    0.0501677    0.0557243    0.0612752    0.0668201    0.0723582    0.0778891    0.0834122     0.088927    0.0944329    0.0999294     0.105416     0.110892     0.116357      0.12181     0.127251     0.132679     0.138094     0.143495     0.148882     0.154254     0.159611     0.164951     0.170275     0.175582     0.180872     0.186143     0.191396      0.19663     0.201844     0.207038     0.212211     0.217363     0.222493     0.227601     0.232686     0.237748     0.242786       0.2478     0.252789     0.257752      0.26269     0.267602     0.272487     0.277345     0.282175     0.286977      0.29175     0.296494     0.301208     0.305892     0.310545     0.315168     0.319759     0.324318     0.328844     0.333338     0.337798     0.342225     0.346617     0.350975     0.355298     0.359585     0.363836      0.36805     0.372228     0.376369     0.380472     0.384537     0.388564     0.392551       0.3965     0.400408     0.404277     0.408105     0.411893     0.415639     0.419344     0.423007     0.426627     0.430205      0.43374     0.437232     0.440679     0.444083     0.447442     0.450757     0.454026      0.45725     0.460428     0.463561
           0   0.00597743    0.0119543    0.0179299    0.0239037    0.0298752    0.0358436    0.0418085    0.0477692    0.0537251    0.0596757    0.0656203    0.0715583    0.0774891    0.0834122     0.089327    0.0952329     0.101129     0.107015     0.112891     0.118755     0.124607     0.130447     0.136274     0.142087     0.147886     0.153671     0.159439     0.165192     0.170929     0.176648      0.18235     0.188033     0.193698     0.199343     0.204968     0.210573     0.216157     0.221719     0.227259     0.232776      0.23827      0.24374     0.249186     0.254606     0.260002     0.265371     0.270714      0.27603     0.281318     0.286578     0.291809     0.297011     0.302184     0.307326     0.312438     0.317518     0.322566     0.327583     0.332566     0.337516     0.342433     0.347315     0.352163     0.356975     0.361752     0.366492     0.371196     0.375863     0.380492     0.385083     0.389635     0.394149     0.398623     0.403057     0.407451     0.411805     0.416117     0.420387     0.424615     0.428801     0.432944     0.437044       0.4411     0.445112      0.44908     0.453002      0.45688     0.460711     0.464497     0.468236     0.471928     0.475573      0.47917      0.48272     0.486221     0.489674     0.493078     0.496432
           0   0.00637262    0.0127446    0.0191153    0.0254841    0.0318504    0.0382134    0.0445727    0.0509275    0.0572772    0.0636211    0.0699587    0.0762893    0.0826123     0.088927    0.0952329     0.101529     0.107815     0.114091     0.120355     0.126607     0.132846     0.139072     0.145284     0.151481     0.157664      0.16383     0.169981     0.176114      0.18223     0.188327     0.194406     0.200465     0.206504     0.212522     0.218519     0.224495     0.230448     0.236378     0.242284     0.248166     0.254023     0.259855      0.26566      0.27144     0.277192     0.282916     0.288612     0.294279     0.299917     0.305525     0.311102     0.316648     0.322163     0.327645     0.333094     0.338511     0.343893     0.349241     0.354554     0.359831     0.365073     0.370278     0.375446     0.380576     0.385669     0.390723     0.395737     0.400713     0.405648     0.410542     0.415396     0.420208     0.424978     0.429705      0.43439     0.439031     0.443628     0.448181     0.452689     0.457152     0.461569     0.465939     0.470264     0.474541     0.478771     0.482952     0.487086     0.491171     0.495207     0.499193     0.503129     0.507015     0.510851     0.514635     0.518368     0.522049     0.525677     0.529253
           0   0.00676718    0.0135337    0.0202988     0.027062    0.0338224    0.0405794    0.0473324    0.0540806    0.0608235    0.0675602    0.0742902    0.0810128    0.0877272    0.0944329     0.101129     0.107815     0.114491     0.121155     0.127806     0.134445     0.141071     0.147682     0.154279      0.16086     0.167426     0.173974     0.180505     0.187018     0.193512     0.199987     0.206442     0.212876     0.219289     0.225681     0.232049     0.238394     0.244716     0.251013     0.257285     0.263531     0.269751     0.275943     0.282109     0.288246     0.294354     0.300433     0.306481       0.3125     0.318486     0.324441     0.330364     0.336253     0.342109     0.347931     0.353718     0.359469     0.365185     0.370864     0.376506      0.38211     0.387676     0.393204     0.398692      0.40414     0.409547     0.414914     0.420239     0.425523     0.430763     0.435961     0.441115     0.446225      0.45129      0.45631     0.461285     0.466213     0.471095      0.47593     0.480717     0.485456     0.490146     0.494788      0.49938     0.503922     0.508414     0.512854     0.517244     0.521582     0.525867       0.5301      0.53428     0.538407      0.54248     0.546498     0.550462     0.554371     0.558224     0.562022
           0   0.00716106    0.0143214    0.0214803    0.0286371     0.035791    0.0429413    0.0500874    0.0572284    0.0643637    0.0714925    0.0786142    0.0857281    0.0928334    0.0999294     0.107015     0.114091     0.121155     0.128206     0.135245     0.142271     0.149282     0.156278     0.163259     0.170223     0.177171       0.1841     0.191011     0.197903     0.204776     0.211627     0.218458     0.225267     0.232053     0.238816     0.245555      0.25227     0.258959     0.265623      0.27226      0.27887     0.285451     0.292005     0.298529     0.305023     0.311487     0.317919      0.32432     0.330689     0.337024     0.343325     0.349593     0.355825     0.362022     0.368182     0.374306     0.380392      0.38644      0.39245      0.39842     0.404351     0.410241      0.41609     0.421897     0.427663     0.433385     0.439064     0.444699      0.45029     0.455836     0.461336      0.46679     0.472197     0.477558      0.48287     0.488134     0.493349     0.498515     0.503631     0.508697     0.513712     0.518675     0.523587     0.528446     0.533253     0.538006     0.542705      0.54735      0.55194     0.556475     0.560955     0.565378     0.569745     0.574055     0.578307     0.582502     0.586638     0.590716     0.594734
           0   0.00755423    0.0151077    0.0226597    0.0302094     0.037756    0.0452989    0.0528373    0.0603704    0.0678975    0.0754177    0.0829304    0.0904349    0.0979302     0.105416     0.112891     0.120355     0.127806     0.135245     0.142671     0.150082     0.157478     0.164858     0.172222     0.179569     0.186898     0.194208     0.201498     0.208769     0.216018     0.223246     0.230452     0.237635     0.244794     0.251928     0.259037      0.26612     0.273177     0.280207     0.287208      0.29418     0.301124     0.308037     0.314919      0.32177     0.328588     0.335374     0.342126     0.348844     0.355528     0.362175     0.368786     0.375361     0.381898     0.388397     0.394857     0.401277     0.407657     0.413997     0.420295     0.426551     0.432764     0.438935     0.445061     0.451143     0.457179      0.46317     0.469115     0.475013     0.480863     0.486665     0.492418     0.498123     0.503777     0.509381     0.514934     0.520436     0.525885     0.531282     0.536626     0.541916     0.547152     0.552334      0.55746      0.56253     0.567544     0.572501     0.577401     0.582244     0.587028     0.591753     0.596419     0.601026     0.605572     0.610058     0.614483     0.618846     0.623148     0.627387
           0   0.00794664    0.0158925    0.0238367    0.0317786    0.0397173     0.047652     0.055582    0.0635064    0.0714244    0.0793354    0.0872383    0.0951326     0.103017     0.110892     0.118755     0.126607     0.134445     0.142271     0.150082     0.157878     0.165658     0.173422     0.181169     0.188897     0.196606     0.204296     0.211965     0.219614      0.22724     0.234843     0.242423     0.249979      0.25751     0.265015     0.272493     0.279944     0.287368     0.294762     0.302127     0.309462     0.316766     0.324038     0.331278     0.338484     0.345657     0.352795     0.359898     0.366965     0.373996     0.380989     0.387943     0.394859     0.401736     0.408572     0.415368     0.422122     0.428833     0.435502     0.442127     0.448709     0.455245     0.461735      0.46818     0.474578     0.480928      0.48723     0.493483     0.499688     0.505842     0.511945     0.517998     0.523998     0.529946     0.535841     0.541683      0.54747     0.553203      0.55888     0.564502     0.570067     0.575575     0.581025     0.586417     0.591751     0.597026      0.60224     0.607395     0.612489     0.617521     0.622492     0.627401     0.632247     0.637029     0.641748     0.646403     0.650993     0.655518     0.659977
           0   0.00833826    0.0166757    0.0250114    0.0333447    0.0416746    0.0500004    0.0583211     0.066636    0.0749443    0.0832451    0.0915375    0.0998208     0.108094     0.116357     0.124607     0.132846     0.141071     0.149282     0.157478     0.165658     0.173822     0.181969     0.190097     0.198206     0.206295     0.214364     0.222411     0.230436     0.238438     0.246416      0.25437     0.262298       0.2702     0.278075     0.285922      0.29374     0.301529     0.309288     0.317016     0.324712     0.332376     0.340007     0.347603     0.355165     0.362691     0.370182     0.377635      0.38505     0.392427     0.399764     0.407062     0.414318     0.421534     0.428707     0.435837     0.442924     0.449967     0.456964     0.463916     0.470821      0.47768      0.48449     0.491252     0.497965     0.504628     0.511241     0.517803     0.524313      0.53077     0.537174     0.543525     0.549821     0.556062     0.562248     0.568377      0.57445     0.580465     0.586422     0.592321      0.59816     0.603939     0.609658     0.615316     0.620913     0.626447     0.631919     0.637328     0.642673     0.647953     0.653169     0.658319     0.663404     0.668422     0.673374     0.678258     0.683074     0.687822     0.692502
           0   0.00872904    0.0174572    0.0261836    0.0349074    0.0436277    0.0523437    0.0610544     0.069759    0.0784566    0.0871464    0.0958275     0.104499      0.11316      0.12181     0.130447     0.139072     0.147682     0.156278     0.164858     0.173422     0.181969     0.190497     0.199006     0.207495     0.215963      0.22441     0.232835     0.241236     0.249613     0.257965     0.266291     0.274591     0.282863     0.291107     0.299322     0.307507     0.315661     0.323783     0.331873      0.33993     0.347953     0.355942     0.363894      0.37181     0.379689     0.387531     0.395333     0.403096     0.410818     0.418499     0.426139     0.433736     0.441289     0.448799     0.456263     0.463682     0.471055      0.47838     0.485658     0.492887     0.500067     0.507196     0.514275     0.521303     0.528278     0.535201      0.54207     0.548885     0.555645      0.56235     0.568998     0.575589     0.582123     0.588598     0.595015     0.601372     0.607669     0.613906     0.620081     0.626193     0.632244     0.638231     0.644154     0.650013     0.655807     0.661535     0.667197     0.672792      0.67832     0.683781     0.689172     0.694495     0.699749     0.704932     0.710045     0.715087     0.720058     0.724957
           0   0.00911895     0.018237    0.0273532    0.0364667    0.0455765    0.0546818    0.0637816     0.072875    0.0819612    0.0910391     0.100108     0.109167     0.118215     0.127251     0.136274     0.145284     0.154279     0.163259     0.172222     0.181169     0.190097     0.199006     0.207895     0.216763      0.22561     0.234434     0.243235     0.252012     0.260763     0.269488     0.278186     0.286856     0.295498      0.30411     0.312692     0.321242     0.329761     0.338246     0.346698     0.355115     0.363496     0.371841     0.380149     0.388418     0.396649     0.404841     0.412992     0.421101     0.429168     0.437193     0.445174      0.45311     0.461001     0.468846     0.476644     0.484394     0.492096     0.499749     0.507351     0.514903     0.522404     0.529852     0.537247     0.544589     0.551876     0.559107     0.566283     0.573403     0.580465     0.587469     0.594414       0.6013     0.608125      0.61489     0.621593     0.628234     0.634813     0.641328     0.647778     0.654164     0.660485     0.666739     0.672927     0.679048       0.6851     0.691084     0.696999     0.702845      0.70862     0.714324     0.719956     0.725517     0.731005      0.73642     0.741762     0.747029     0.752222     0.757339
           0   0.00950795    0.0190149      0.02852    0.0380223    0.0475207    0.0570144    0.0665024    0.0759837    0.0854575    0.0949227     0.104378     0.113824     0.123258     0.132679     0.142087     0.151481      0.16086     0.170223     0.179569     0.188897     0.198206     0.207495     0.216763      0.22601     0.235234     0.244435     0.253611     0.262762     0.271886     0.280984     0.290053     0.299093     0.308104     0.317083     0.326031     0.334946     0.343828     0.352675     0.361487     0.370263     0.379002     0.387703     0.396365     0.404988      0.41357     0.422111     0.430609     0.439064     0.447476     0.455843     0.464164     0.472439     0.480666     0.488846     0.496977     0.505057     0.513088     0.521067     0.528994     0.536868     0.544688     0.552454     0.560165      0.56782     0.575418     0.582958      0.59044     0.597863     0.605226     0.612529      0.61977      0.62695     0.634067      0.64112     0.648109     0.655034     0.661893     0.668685     0.675411      0.68207      0.68866     0.695181     0.701633     0.708015     0.714325     0.720565     0.726732     0.732827     0.738848     0.744795     0.750668     0.756466     0.762189     0.767835     0.773404     0.778896      0.78431     0.789646
           0   0.00989599     0.019791     0.029684    0.0395741    0.0494602    0.0593413    0.0692165    0.0790848    0.0889452    0.0987967     0.108638     0.118469     0.128288     0.138094     0.147886     0.157664     0.167426     0.177171     0.186898     0.196606     0.206295     0.215963      0.22561     0.235234     0.244835     0.254411     0.263962     0.273486     0.282983     0.292451     0.301891       0.3113     0.320678     0.330024     0.339337     0.348616      0.35786     0.367069      0.37624     0.385375      0.39447     0.403526     0.412542     0.421516     0.430449     0.439338     0.448183     0.456984     0.465739     0.474447     0.483108      0.49172     0.500284     0.508797      0.51726      0.52567     0.534028     0.542333     0.550584     0.558779     0.566919     0.575002     0.583027     0.590994     0.598902      0.60675     0.614538     0.622264     0.629927     0.637528     0.645065     0.652538     0.659945     0.667286     0.674561     0.681768     0.688906     0.695976     0.702977     0.709907     0.716766     0.723553     0.730269     0.736911     0.743479     0.749973     0.756392     0.762735     0.769003     0.775193     0.781305      0.78734     0.793296     0.799172     0.804969     0.810685      0.81632     0.821873
           0    0.0102831    0.0205651     0.030845    0.0411219    0.0513947    0.0616623    0.0719238    0.0821781    0.0924241     0.102661     0.112887     0.123103     0.133306     0.143495     0.153671      0.16383     0.173974       0.1841     0.194208     0.204296     0.214364      0.22441     0.234434     0.244435     0.254411     0.264362     0.274286     0.284183     0.294051      0.30389     0.313699     0.323476     0.333221     0.342932     0.352609     0.362251     0.371857     0.381426     0.390956     0.400448     0.409899     0.419309     0.428678     0.438003     0.447285     0.456522     0.465713     0.474858     0.483955     0.493004     0.502004     0.510953     0.519851     0.528697     0.537491     0.546231     0.554916     0.563545     0.572118     0.580634     0.589092     0.597491     0.605831     0.614109     0.622327     0.630482     0.638574     0.646602     0.654565     0.662463     0.670295      0.67806     0.685757     0.693385     0.700944     0.708433     0.715851     0.723198     0.730472     0.737673     0.744801     0.751853     0.758831     0.765733     0.772558     0.779306     0.785976     0.792568      0.79908     0.805512     0.811864     0.818135     0.824324      0.83043     0.836453     0.842393     0.848248     0.854019
           0    0.0106691    0.0213371     0.032003    0.0426657    0.0533241    0.0639771    0.0746238     0.085263    0.0958937     0.106515     0.117125     0.127724      0.13831     0.148882     0.159439     0.169981     0.180505     0.191011     0.201498     0.211965     0.222411     0.232835     0.243235     0.253611     0.263962     0.274286     0.284583     0.294851      0.30509     0.315298     0.325475     0.335619      0.34573     0.355806     0.365846      0.37585     0.385817     0.395745     0.405633      0.41548     0.425287      0.43505      0.44477     0.454446     0.464076      0.47366     0.483196     0.492684     0.502123     0.511511     0.520849     0.530134     0.539367     0.548545     0.557668     0.566736     0.575747     0.584701     0.593596     0.602432     0.611207     0.619921     0.628574     0.637163     0.645689      0.65415     0.662546     0.670875     0.679138     0.687332     0.695458     0.703514       0.7115     0.719415     0.727258     0.735028     0.742725     0.750347     0.757894     0.765366     0.772761     0.780078     0.787318     0.794479      0.80156     0.808562     0.815482     0.822321     0.829078     0.835752     0.842342     0.848848     0.855269     0.861605     0.867854     0.874017     0.880092     0.886079
           0     0.011054     0.022107    0.0331577    0.0442051    0.0552481    0.0662856    0.0773164    0.0883395    0.0993538     0.110358     0.121351     0.132333     0.143301     0.154254     0.165192     0.176114     0.187018     0.197903     0.208769     0.219614     0.230436     0.241236     0.252012     0.262762     0.273486     0.284183     0.294851      0.30549     0.316098     0.326675     0.337219     0.347729     0.358204     0.368644     0.379047     0.389412     0.399738     0.410024     0.420269     0.430472     0.440632     0.450748     0.460818     0.470843     0.480821      0.49075     0.500631     0.510461      0.52024     0.529968     0.539642     0.549263     0.558828     0.568338      0.57779     0.587185     0.596521     0.605798     0.615014     0.624169     0.633261     0.642289     0.651254     0.660153     0.668987     0.677753     0.686452     0.695082     0.703643     0.712133     0.720552     0.728899     0.737173     0.745373     0.753499     0.761549     0.769524     0.777421     0.785241     0.792982     0.800643     0.808225     0.815726     0.823145     0.830482     0.837736     0.844906     0.851992     0.858993     0.865907     0.872735     0.879476     0.886129     0.892693     0.899168     0.905553     0.911847     0.918051
           0    0.0114379    0.0228747    0.0343091    0.0457402    0.0571666    0.0685874    0.0800013    0.0914071     0.102804      0.11419     0.125565     0.136928     0.148277     0.159611     0.170929      0.18223     0.193512     0.204776     0.216018      0.22724     0.238438     0.249613     0.260763     0.271886     0.282983     0.294051      0.30509     0.316098     0.327075     0.338019     0.348929     0.359804     0.370643     0.381446      0.39221     0.402934     0.413619     0.424262     0.434863      0.44542     0.455933       0.4664     0.476821     0.487193     0.497517     0.507792     0.518015     0.528187     0.538306     0.548371     0.558381     0.568336     0.578234     0.588073     0.597854     0.607576     0.617236     0.626835     0.636371     0.645843     0.655251     0.664593     0.673869     0.683077     0.692218     0.701289     0.710289     0.719219     0.728077     0.736862     0.745573      0.75421     0.762771     0.771257     0.779664     0.787994     0.796246     0.804417     0.812508     0.820518     0.828446     0.836291     0.844052     0.851729     0.859321     0.866827     0.874246     0.881578     0.888822     0.895976     0.903041     0.910016       0.9169     0.923692     0.930392     0.936999     0.943512      0.94993
           0    0.0118206      0.02364    0.0354571    0.0472706    0.0590794    0.0708823    0.0826781    0.0944656     0.106244     0.118011     0.129767      0.14151     0.153238     0.164951     0.176648     0.188327     0.199987     0.211627     0.223246     0.234843     0.246416     0.257965     0.269488     0.280984     0.292451      0.30389     0.315298     0.326675     0.338019     0.349329     0.360604     0.371843     0.383045     0.394209     0.405333     0.416417     0.427459     0.438458     0.449413     0.460324     0.471188     0.482006     0.492775     0.503495     0.514164     0.524783     0.535348      0.54586     0.556318      0.56672     0.577065     0.587352     0.597581      0.60775     0.617859     0.627905     0.637889     0.647809     0.657664     0.667453     0.677176     0.686831     0.696417     0.705933     0.715379     0.724754     0.734056     0.743284     0.752438     0.761517      0.77052     0.779446     0.788294     0.797063     0.805752     0.814361     0.822888     0.831333     0.839695     0.847973     0.856166     0.864273     0.872295     0.880228     0.888074     0.895831     0.903499     0.911076     0.918562     0.925956     0.933257     0.940465      0.94758     0.954599     0.961523     0.968351     0.975082     0.981715
